0.5 0.5 0.5 0.5 0.5 0.5 0.5 0.5 0.5 0.5
0.24999943704978056 0.24999943704978056 0.24999943704978056 0.24999943704978056 0.24999943704978056 0.24999943704978056 0.24999943704978056 0.3333330831334236 0.3333330831334236 0.24999943704978056
0.5 0.5 0.5 0.5 0.5 0.5 0.5 0.5 0.5 0.5
0.7500005629502194 0.7500005629502194 0.7500005629502194 0.7500005629502194 0.7500005629502194 0.7500005629502194 0.7500005629502194 0.6666669168665763 0.6666669168665763 0.7500005629502194
0.24999943704978056 0.24999943704978056 0.24999943704978056 0.24999943704978056 0.24999943704978056 0.24999943704978056 0.24999943704978056 0.3333330831334236 0.3333330831334236 0.24999943704978056
0.5 0.5 0.5 0.5 0.5 0.5 0.5 0.5 0.5 0.5
0.5 0.5 0.5 0.5 0.5 0.5 0.5 0.5 0.5 0.5
0.7500005629502194 0.7500005629502194 0.7500005629502194 0.7500005629502194 0.7500005629502194 0.7500005629502194 0.7500005629502194 0.6666669168665763 0.6666669168665763 0.7500005629502194
0.24999943704978056 0.24999943704978056 0.24999943704978056 0.24999943704978056 0.24999943704978056 0.24999943704978056 0.24999943704978056 0.3333330831334236 0.3333330831334236 0.24999943704978056
0.24999943704978056 0.24999943704978056 0.24999943704978056 0.24999943704978056 0.24999943704978056 0.24999943704978056 0.24999943704978056 0.3333330831334236 0.3333330831334236 0.24999943704978056
0.5 0.5 0.5 0.5 0.5 0.5 0.5 0.5 0.5 0.5
0.0 0.0 0.0 0.0 0.0 0.0 0.0 0.1666669168665764 0.1666669168665764 0.0
0.5 0.5 0.5 0.5 0.5 0.5 0.5 0.5 0.5 0.5
0.5 0.5 0.5 0.5 0.5 0.5 0.5 0.5 0.5 0.5
0.7500005629502194 0.7500005629502194 0.7500005629502194 0.7500005629502194 0.7500005629502194 0.7500005629502194 0.7500005629502194 0.6666669168665763 0.6666669168665763 0.7500005629502194
0.6249997185248902 0.6249997185248902 0.6249997185248902 0.6249997185248902 0.6249997185248902 0.6249997185248902 0.6249997185248902 0.75 0.75 0.6249997185248902
0.0 0.0 0.0 0.0 0.0 0.0 0.0 0.1666669168665764 0.1666669168665764 0.0
0.6249997185248902 0.6249997185248902 0.6249997185248902 0.6249997185248902 0.6249997185248902 0.6249997185248902 0.6249997185248902 0.5833330831334237 0.5833330831334237 0.6249997185248902
0.7500005629502194 0.7500005629502194 0.7500005629502194 0.7500005629502194 0.7500005629502194 0.7500005629502194 0.7500005629502194 0.6666669168665763 1.0 0.7500005629502194
0.24999943704978056 0.24999943704978056 0.24999943704978056 0.24999943704978056 0.24999943704978056 0.24999943704978056 0.24999943704978056 0.3333330831334236 0.0 0.24999943704978056
0.5 0.5 0.5 0.5 0.5 0.5 0.5 0.5 0.5 0.5
0.24999943704978056 0.24999943704978056 0.24999943704978056 0.24999943704978056 0.24999943704978056 0.24999943704978056 0.24999943704978056 0.0 0.0 0.24999943704978056
0.7500005629502194 0.7500005629502194 0.7500005629502194 0.7500005629502194 0.7500005629502194 0.7500005629502194 0.7500005629502194 0.6666669168665763 0.6666669168665763 0.7500005629502194
0.3750002814751097 0.3750002814751097 0.3750002814751097 0.3750002814751097 0.3750002814751097 0.3750002814751097 0.3750002814751097 0.4166669168665764 0.4166669168665764 0.3750002814751097
0.5 0.5 0.5 0.5 0.5 0.5 0.5 0.5 0.5 0.5
0.7500005629502194 0.7500005629502194 0.7500005629502194 0.7500005629502194 0.7500005629502194 0.7500005629502194 0.7500005629502194 0.6666669168665763 1.0 0.7500005629502194
0.5 0.5 0.5 0.5 0.5 0.5 0.5 0.5 0.5 0.5
0.0 0.0 0.0 0.0 0.0 0.0 0.0 0.1666669168665764 0.1666669168665764 0.0
0.3750002814751097 0.3750002814751097 0.3750002814751097 0.3750002814751097 0.3750002814751097 0.3750002814751097 0.3750002814751097 0.4166669168665764 0.25 0.3750002814751097
0.5 0.5 0.5 0.5 0.5 0.5 0.5 0.5 0.5 0.5
1.0 1.0 1.0 1.0 1.0 1.0 1.0 0.8333330831334237 0.8333330831334237 1.0
0.24999943704978056 0.24999943704978056 0.24999943704978056 0.24999943704978056 0.24999943704978056 0.24999943704978056 0.24999943704978056 0.3333330831334236 0.3333330831334236 0.24999943704978056
0.5 0.5 0.5 0.5 0.5 0.5 0.5 0.5 0.5 0.5
0.5 0.5 0.5 0.5 0.5 0.5 0.5 0.5 0.5 0.5
0.7500005629502194 0.7500005629502194 0.7500005629502194 0.7500005629502194 0.7500005629502194 0.7500005629502194 0.7500005629502194 0.6666669168665763 0.6666669168665763 0.7500005629502194
0.24999943704978056 0.24999943704978056 0.24999943704978056 0.24999943704978056 0.24999943704978056 0.24999943704978056 0.24999943704978056 0.3333330831334236 0.3333330831334236 0.24999943704978056
0.24999943704978056 0.24999943704978056 0.24999943704978056 0.24999943704978056 0.24999943704978056 0.24999943704978056 0.24999943704978056 0.3333330831334236 0.3333330831334236 0.24999943704978056
0.24999943704978056 0.24999943704978056 0.24999943704978056 0.24999943704978056 0.24999943704978056 0.24999943704978056 0.24999943704978056 0.3333330831334236 0.3333330831334236 0.24999943704978056
0.7500005629502194 0.7500005629502194 0.7500005629502194 0.7500005629502194 0.7500005629502194 0.7500005629502194 0.7500005629502194 0.6666669168665763 0.6666669168665763 0.7500005629502194
0.24999943704978056 0.24999943704978056 0.24999943704978056 0.24999943704978056 0.24999943704978056 0.24999943704978056 0.24999943704978056 0.3333330831334236 0.0 0.24999943704978056
0.24999943704978056 0.24999943704978056 0.24999943704978056 0.24999943704978056 0.24999943704978056 0.24999943704978056 0.24999943704978056 0.0 0.0 0.24999943704978056
0.5 0.5 0.5 0.5 0.5 0.5 0.5 0.5 0.5 0.5
0.5 0.5 0.5 0.5 0.5 0.5 0.5 0.5 0.5 0.5
0.24999943704978056 0.24999943704978056 0.24999943704978056 0.24999943704978056 0.24999943704978056 0.24999943704978056 0.24999943704978056 0.3333330831334236 0.0 0.24999943704978056
0.5 0.5 0.5 0.5 0.5 0.5 0.5 0.5 0.5 0.5
0.24999943704978056 0.24999943704978056 0.24999943704978056 0.24999943704978056 0.24999943704978056 0.24999943704978056 0.24999943704978056 0.3333330831334236 0.3333330831334236 0.24999943704978056
0.24999943704978056 0.24999943704978056 0.24999943704978056 0.24999943704978056 0.24999943704978056 0.24999943704978056 0.24999943704978056 0.3333330831334236 0.3333330831334236 0.24999943704978056
0.24999943704978056 0.24999943704978056 0.24999943704978056 0.24999943704978056 0.24999943704978056 0.24999943704978056 0.24999943704978056 0.3333330831334236 0.3333330831334236 0.24999943704978056
0.7500005629502194 0.7500005629502194 0.7500005629502194 0.7500005629502194 0.7500005629502194 0.7500005629502194 0.7500005629502194 1.0 1.0 0.7500005629502194
0.7500005629502194 0.7500005629502194 0.7500005629502194 0.7500005629502194 0.7500005629502194 0.7500005629502194 0.7500005629502194 0.6666669168665763 0.6666669168665763 0.7500005629502194
0.5 0.5 0.5 0.5 0.5 0.5 0.5 0.5 0.5 0.5
0.7500005629502194 0.7500005629502194 0.7500005629502194 0.7500005629502194 0.7500005629502194 0.7500005629502194 0.7500005629502194 1.0 1.0 0.7500005629502194
0.5 0.5 0.5 0.5 0.5 0.5 0.5 0.5 0.5 0.5
0.5 0.5 0.5 0.5 0.5 0.5 0.5 0.5 0.5 0.5
