  0.6666666666666667 0.6666666666666667 0.6666666666666667 0.6666666666666667 0.6666666666666667 0.6666666666666667 0.6666666666666667 0.5714283876081507 0.5 0.6666666666666667            
  0.7083333896283553 0.7083333896283553 0.7083333896283553 0.7083333896283553 0.7083333896283553 0.7083333896283553 0.7083333896283553 0.6071427100865205 0.5208333145683683 0.7083333896283553            
  0.6666666666666667 0.6666666666666667 0.6666666666666667 0.6666666666666667 0.6666666666666667 0.6666666666666667 0.6666666666666667 0.5714283876081507 0.5 0.6666666666666667            
  0.6666666666666667 0.6666666666666667 0.6666666666666667 0.6666666666666667 0.6666666666666667 0.6666666666666667 0.6666666666666667 0.5714283876081507 0.5 0.6666666666666667            
  0.6562499859262445 0.6562499859262445 0.6562499859262445 0.6562499859262445 0.6562499859262445 0.6562499859262445 0.6562499859262445 0.5624998069885582 0.4947916713579079 0.6562499859262445            
  0.6666666666666667 0.6666666666666667 0.6666666666666667 0.6666666666666667 0.6666666666666667 0.6666666666666667 0.6666666666666667 0.5714283876081507 0.5 0.6666666666666667            
  0.6614583338024586 0.6614583338024586 0.6614583338024586 0.6614583338024586 0.6614583338024586 0.6614583338024586 0.6614583338024586 0.5669641037320692 0.497395839431947 0.6614583338024586            
  0.6666666666666667 0.6666666666666667 0.6666666666666667 0.6666666666666667 0.6666666666666667 0.6666666666666667 0.6666666666666667 0.5714283876081507 0.5 0.6666666666666667            
  0.6875000281475111 0.6875000281475111 0.6875000281475111 0.6875000281475111 0.6875000281475111 0.6875000281475111 0.6875000281475111 0.5892855488473356 0.5312499343226224 0.6875000281475111            
  0.6458333051858224 0.6458333051858224 0.6458333051858224 0.6458333051858224 0.6458333051858224 0.6458333051858224 0.6458333051858224 0.5535712263689657 0.48958334271581583 0.6458333051858224            
  0.6666666666666667 0.6666666666666667 0.6666666666666667 0.6666666666666667 0.6666666666666667 0.6666666666666667 0.6666666666666667 0.5714283876081507 0.5 0.6666666666666667            
  0.6875000281475111 0.6875000281475111 0.6875000281475111 0.6875000281475111 0.6875000281475111 0.6875000281475111 0.6875000281475111 0.5892855488473356 0.5312499343226224 0.6875000281475111            
  0.6249999437049781 0.6249999437049781 0.6249999437049781 0.6249999437049781 0.6249999437049781 0.6249999437049781 0.6249999437049781 0.5357140651297808 0.47916668543163166 0.6249999437049781            
  0.6875000281475111 0.6875000281475111 0.6875000281475111 0.6875000281475111 0.6875000281475111 0.6875000281475111 0.6875000281475111 0.5892855488473356 0.5312499343226224 0.6875000281475111            
  0.6666666666666667 0.6666666666666667 0.6666666666666667 0.6666666666666667 0.6666666666666667 0.6666666666666667 0.6666666666666667 0.5714283876081507 0.5 0.6666666666666667            
  0.6875000281475111 0.6875000281475111 0.6875000281475111 0.6875000281475111 0.6875000281475111 0.6875000281475111 0.6875000281475111 0.5892855488473356 0.5104166572841842 0.6875000281475111            
  0.6875000281475111 0.6875000281475111 0.6875000281475111 0.6875000281475111 0.6875000281475111 0.6875000281475111 0.6875000281475111 0.5892855488473356 0.5104166572841842 0.6875000281475111            
  0.6666666666666667 0.6666666666666667 0.6666666666666667 0.6666666666666667 0.6666666666666667 0.6666666666666667 0.6666666666666667 0.5714283876081507 0.5 0.6666666666666667            
  0.5833335209834065 0.5833335209834065 0.5833335209834065 0.5833335209834065 0.5833335209834065 0.5833335209834065 0.5833335209834065 0.5 0.4583335209829839 0.5833335209834065            
  0.6666666666666667 0.6666666666666667 0.6666666666666667 0.6666666666666667 0.6666666666666667 0.6666666666666667 0.6666666666666667 0.5714283876081507 0.5 0.6666666666666667            
  0.6666666666666667 0.6666666666666667 0.6666666666666667 0.6666666666666667 0.6666666666666667 0.6666666666666667 0.6666666666666667 0.5714283876081507 0.5 0.6666666666666667            
  0.6666666666666667 0.6666666666666667 0.6666666666666667 0.6666666666666667 0.6666666666666667 0.6666666666666667 0.6666666666666667 0.5803569682277432 0.5052083286420921 0.6666666666666667            
  0.6666666666666667 0.6666666666666667 0.6666666666666667 0.6666666666666667 0.6666666666666667 0.6666666666666667 0.6666666666666667 0.5714283876081507 0.5 0.6666666666666667            
  0.5833335209834065 0.5833335209834065 0.5833335209834065 0.5833335209834065 0.5833335209834065 0.5833335209834065 0.5833335209834065 0.5 0.3750001876496506 0.5833335209834065            
  0.6666666666666667 0.6666666666666667 0.6666666666666667 0.6666666666666667 0.6666666666666667 0.6666666666666667 0.6666666666666667 0.5714283876081507 0.5 0.6666666666666667            
  0.6666666666666667 0.6666666666666667 0.6666666666666667 0.6666666666666667 0.6666666666666667 0.6666666666666667 0.6666666666666667 0.5714283876081507 0.5 0.6666666666666667            
  0.6666666666666667 0.6666666666666667 0.6666666666666667 0.6666666666666667 0.6666666666666667 0.6666666666666667 0.6666666666666667 0.5714283876081507 0.5 0.6666666666666667            
  0.6666666666666667 0.6666666666666667 0.6666666666666667 0.6666666666666667 0.6666666666666667 0.6666666666666667 0.6666666666666667 0.5714283876081507 0.5 0.6666666666666667            
  1.0 1.0 1.0 1.0 1.0 1.0 1.0 0.857142581412226 0.6666662913673655 1.0            
  0.6666666666666667 0.6666666666666667 0.6666666666666667 0.6666666666666667 0.6666666666666667 0.6666666666666667 0.6666666666666667 0.5714283876081507 0.5 0.6666666666666667            
  0.7499998123499269 0.7499998123499269 0.7499998123499269 0.7499998123499269 0.7499998123499269 0.7499998123499269 0.7499998123499269 0.6428567752163014 0.5416664790170161 0.7499998123499269            
  0.8333337086334797 0.8333337086334797 0.8333337086334797 0.8333337086334797 0.8333337086334797 0.8333337086334797 0.8333337086334797 0.7142858061959246 0.7499996247006988 0.8333337086334797            
  0.4999996246998537 0.4999996246998537 0.4999996246998537 0.4999996246998537 0.4999996246998537 0.4999996246998537 0.4999996246998537 0.4285709690203768 0.4166666666666667 0.4999996246998537            
  0.5833335209834065 0.5833335209834065 0.5833335209834065 0.5833335209834065 0.5833335209834065 0.5833335209834065 0.5833335209834065 0.5 0.4583335209829839 0.5833335209834065            
  0.7499998123499269 0.7499998123499269 0.7499998123499269 0.7499998123499269 0.7499998123499269 0.7499998123499269 0.7499998123499269 0.6428567752163014 0.5416664790170161 0.7499998123499269            
  0.8333337086334797 0.8333337086334797 0.8333337086334797 0.8333337086334797 0.8333337086334797 0.8333337086334797 0.8333337086334797 0.7142858061959246 0.5833333333333334 0.8333337086334797            
  0.7499998123499269 0.7499998123499269 0.7499998123499269 0.7499998123499269 0.7499998123499269 0.7499998123499269 0.7499998123499269 0.6428567752163014 0.5416664790170161 0.7499998123499269            
  0.4999996246998537 0.4999996246998537 0.4999996246998537 0.4999996246998537 0.4999996246998537 0.4999996246998537 0.4999996246998537 0.4285709690203768 0.4166666666666667 0.4999996246998537            
  0.4999996246998537 0.4999996246998537 0.4999996246998537 0.4999996246998537 0.4999996246998537 0.4999996246998537 0.4999996246998537 0.4285709690203768 0.4166666666666667 0.4999996246998537            
  0.6666666666666667 0.6666666666666667 0.6666666666666667 0.6666666666666667 0.6666666666666667 0.6666666666666667 0.6666666666666667 0.5714283876081507 0.5 0.6666666666666667            
  0.6666666666666667 0.6666666666666667 0.6666666666666667 0.6666666666666667 0.6666666666666667 0.6666666666666667 0.6666666666666667 0.5714283876081507 0.5 0.6666666666666667            
  0.6666666666666667 0.6666666666666667 0.6666666666666667 0.6666666666666667 0.6666666666666667 0.6666666666666667 0.6666666666666667 0.5714283876081507 0.5 0.6666666666666667            
  0.6666666666666667 0.6666666666666667 0.6666666666666667 0.6666666666666667 0.6666666666666667 0.6666666666666667 0.6666666666666667 0.7142858061959246 0.5833333333333334 0.6666666666666667            
  0.5833335209834065 0.5833335209834065 0.5833335209834065 0.5833335209834065 0.5833335209834065 0.5833335209834065 0.5833335209834065 0.5 0.3750001876496506 0.5833335209834065            
  1.0 1.0 1.0 1.0 1.0 1.0 1.0 0.857142581412226 0.6666662913673655 1.0            
  0.7499998123499269 0.7499998123499269 0.7499998123499269 0.7499998123499269 0.7499998123499269 0.7499998123499269 0.7499998123499269 0.6428567752163014 0.5416664790170161 0.7499998123499269            
  0.8333337086334797 0.8333337086334797 0.8333337086334797 0.8333337086334797 0.8333337086334797 0.8333337086334797 0.8333337086334797 0.7142858061959246 0.5833333333333334 0.8333337086334797            
  0.6249999437049781 0.6249999437049781 0.6249999437049781 0.6249999437049781 0.6249999437049781 0.6249999437049781 0.6249999437049781 0.5357140651297808 0.4375002814744759 0.6249999437049781            
  0.5833335209834065 0.5833335209834065 0.5833335209834065 0.5833335209834065 0.5833335209834065 0.5833335209834065 0.5833335209834065 0.5 0.4583335209829839 0.5833335209834065            
  0.6666666666666667 0.6666666666666667 0.6666666666666667 0.6666666666666667 0.6666666666666667 0.6666666666666667 0.6666666666666667 0.5714283876081507 0.5 0.6666666666666667            
  0.6666666666666667 0.6666666666666667 0.6666666666666667 0.6666666666666667 0.6666666666666667 0.6666666666666667 0.6666666666666667 0.5714283876081507 0.5 0.6666666666666667            
  0.6666666666666667 0.6666666666666667 0.6666666666666667 0.6666666666666667 0.6666666666666667 0.6666666666666667 0.6666666666666667 0.5714283876081507 0.5 0.6666666666666667            
  0.6666666666666667 0.6666666666666667 0.6666666666666667 0.6666666666666667 0.6666666666666667 0.6666666666666667 0.6666666666666667 0.5714283876081507 0.5 0.6666666666666667            
  0.33333333333333337 0.33333333333333337 0.33333333333333337 0.33333333333333337 0.33333333333333337 0.33333333333333337 0.33333333333333337 0.28571419380407537 0.3333337086326345 0.33333333333333337            
  0.4999996246998537 0.4999996246998537 0.4999996246998537 0.4999996246998537 0.4999996246998537 0.4999996246998537 0.4999996246998537 0.4285709690203768 0.4166666666666667 0.4999996246998537            
  0.6666666666666667 0.6666666666666667 0.6666666666666667 0.6666666666666667 0.6666666666666667 0.6666666666666667 0.6666666666666667 0.5714283876081507 0.5 0.6666666666666667            
  0.33333333333333337 0.33333333333333337 0.33333333333333337 0.33333333333333337 0.33333333333333337 0.33333333333333337 0.33333333333333337 0.28571419380407537 0.3333337086326345 0.33333333333333337            
  0.6666666666666667 0.6666666666666667 0.6666666666666667 0.6666666666666667 0.6666666666666667 0.6666666666666667 0.6666666666666667 0.5714283876081507 0.5 0.6666666666666667            
  0.5833335209834065 0.5833335209834065 0.5833335209834065 0.5833335209834065 0.5833335209834065 0.5833335209834065 0.5833335209834065 0.5 0.4583335209829839 0.5833335209834065            
  0.6666666666666667 0.6666666666666667 0.6666666666666667 0.6666666666666667 0.6666666666666667 0.6666666666666667 0.6666666666666667 0.5714283876081507 0.5 0.6666666666666667            
  1.0 1.0 1.0 1.0 1.0 1.0 1.0 0.857142581412226 0.6666662913673655 1.0            
  0.7499998123499269 0.7499998123499269 0.7499998123499269 0.7499998123499269 0.7499998123499269 0.7499998123499269 0.7499998123499269 0.6428567752163014 0.5416664790170161 0.7499998123499269            
  0.6666666666666667 0.6666666666666667 0.6666666666666667 0.6666666666666667 0.6666666666666667 0.6666666666666667 0.6666666666666667 0.5714283876081507 0.5 0.6666666666666667            
  0.7083333896283553 0.7083333896283553 0.7083333896283553 0.7083333896283553 0.7083333896283553 0.7083333896283553 0.7083333896283553 0.6071427100865205 0.5208333145683683 0.7083333896283553            
  0.6562499859262445 0.6562499859262445 0.6562499859262445 0.6562499859262445 0.6562499859262445 0.6562499859262445 0.6562499859262445 0.5446426457493734 0.48437501407372374 0.6562499859262445            
  0.5833335209834065 0.5833335209834065 0.5833335209834065 0.5833335209834065 0.5833335209834065 0.5833335209834065 0.5833335209834065 0.5 0.4583335209829839 0.5833335209834065            
  0.6666666666666667 0.6666666666666667 0.6666666666666667 0.6666666666666667 0.6666666666666667 0.6666666666666667 0.6666666666666667 0.5714283876081507 0.5 0.6666666666666667            
  0.6666666666666667 0.6666666666666667 0.6666666666666667 0.6666666666666667 0.6666666666666667 0.6666666666666667 0.6666666666666667 0.5714283876081507 0.5 0.6666666666666667            
  0.8333337086334797 0.8333337086334797 0.8333337086334797 0.8333337086334797 0.8333337086334797 0.8333337086334797 0.8333337086334797 0.7142858061959246 0.7499996247006988 0.8333337086334797            
  0.7499998123499269 0.7499998123499269 0.7499998123499269 0.7499998123499269 0.7499998123499269 0.7499998123499269 0.7499998123499269 0.6428567752163014 0.5416664790170161 0.7499998123499269            
  0.6666666666666667 0.6666666666666667 0.6666666666666667 0.6666666666666667 0.6666666666666667 0.6666666666666667 0.6666666666666667 0.5714283876081507 0.5 0.6666666666666667            
  0.6666666666666667 0.6666666666666667 0.6666666666666667 0.6666666666666667 0.6666666666666667 0.6666666666666667 0.6666666666666667 0.5714283876081507 0.5 0.6666666666666667            
  0.6666666666666667 0.6666666666666667 0.6666666666666667 0.6666666666666667 0.6666666666666667 0.6666666666666667 0.6666666666666667 0.5714283876081507 0.5 0.6666666666666667            
  0.6666666666666667 0.6666666666666667 0.6666666666666667 0.6666666666666667 0.6666666666666667 0.6666666666666667 0.6666666666666667 0.5714283876081507 0.5 0.6666666666666667            
  0.6666666666666667 0.6666666666666667 0.6666666666666667 0.6666666666666667 0.6666666666666667 0.6666666666666667 0.6666666666666667 0.5714283876081507 0.5 0.6666666666666667            
  0.4999996246998537 0.4999996246998537 0.4999996246998537 0.4999996246998537 0.4999996246998537 0.4999996246998537 0.4999996246998537 0.4285709690203768 0.4166666666666667 0.4999996246998537            
  0.7499998123499269 0.7499998123499269 0.7499998123499269 0.7499998123499269 0.7499998123499269 0.7499998123499269 0.7499998123499269 0.7857141938040754 0.6249998123503494 0.7499998123499269            
  0.8333337086334797 0.8333337086334797 0.8333337086334797 0.8333337086334797 0.8333337086334797 0.8333337086334797 0.8333337086334797 0.7142858061959246 0.5833333333333334 0.8333337086334797            
  0.4999996246998537 0.4999996246998537 0.4999996246998537 0.4999996246998537 0.4999996246998537 0.4999996246998537 0.4999996246998537 0.4285709690203768 0.4166666666666667 0.4999996246998537            
  0.6666666666666667 0.6666666666666667 0.6666666666666667 0.6666666666666667 0.6666666666666667 0.6666666666666667 0.6666666666666667 0.5714283876081507 0.5 0.6666666666666667            
  0.5833335209834065 0.5833335209834065 0.5833335209834065 0.5833335209834065 0.5833335209834065 0.5833335209834065 0.5833335209834065 0.5 0.4583335209829839 0.5833335209834065            
  0.8333337086334797 0.8333337086334797 0.8333337086334797 0.8333337086334797 0.8333337086334797 0.8333337086334797 0.8333337086334797 0.7142858061959246 0.5833333333333334 0.8333337086334797            
  0.6666666666666667 0.6666666666666667 0.6666666666666667 0.6666666666666667 0.6666666666666667 0.6666666666666667 0.6666666666666667 0.5714283876081507 0.5 0.6666666666666667            
  0.8333337086334797 0.8333337086334797 0.8333337086334797 0.8333337086334797 0.8333337086334797 0.8333337086334797 0.8333337086334797 0.7142858061959246 0.5833333333333334 0.8333337086334797            
  0.6666666666666667 0.6666666666666667 0.6666666666666667 0.6666666666666667 0.6666666666666667 0.6666666666666667 0.6666666666666667 0.5714283876081507 0.5 0.6666666666666667            
  0.5833335209834065 0.5833335209834065 0.5833335209834065 0.5833335209834065 0.5833335209834065 0.5833335209834065 0.5833335209834065 0.5 0.4583335209829839 0.5833335209834065            
  1.0 1.0 1.0 1.0 1.0 1.0 1.0 0.857142581412226 0.6666662913673655 1.0            
  0.4999996246998537 0.4999996246998537 0.4999996246998537 0.4999996246998537 0.4999996246998537 0.4999996246998537 0.4999996246998537 0.4285709690203768 0.2500003752993012 0.4999996246998537            
  0.6666666666666667 0.6666666666666667 0.6666666666666667 0.6666666666666667 0.6666666666666667 0.6666666666666667 0.6666666666666667 0.5714283876081507 0.5 0.6666666666666667            
  0.6666666666666667 0.6666666666666667 0.6666666666666667 0.6666666666666667 0.6666666666666667 0.6666666666666667 0.6666666666666667 0.5714283876081507 0.5 0.6666666666666667            
  0.7083333896283553 0.7083333896283553 0.7083333896283553 0.7083333896283553 0.7083333896283553 0.7083333896283553 0.7083333896283553 0.6071427100865205 0.5208333145683683 0.7083333896283553            
  0.6666666666666667 0.6666666666666667 0.6666666666666667 0.6666666666666667 0.6666666666666667 0.6666666666666667 0.6666666666666667 0.5714283876081507 0.5 0.6666666666666667            
  0.6666666666666667 0.6666666666666667 0.6666666666666667 0.6666666666666667 0.6666666666666667 0.6666666666666667 0.6666666666666667 0.5714283876081507 0.5 0.6666666666666667            
  0.6875000281475111 0.6875000281475111 0.6875000281475111 0.6875000281475111 0.6875000281475111 0.6875000281475111 0.6875000281475111 0.6249998069885582 0.5312499343226224 0.6875000281475111            
  0.8333337086334797 0.8333337086334797 0.8333337086334797 0.8333337086334797 0.8333337086334797 0.8333337086334797 0.8333337086334797 0.7142858061959246 0.7499996247006988 0.8333337086334797            
  0.6666666666666667 0.6666666666666667 0.6666666666666667 0.6666666666666667 0.6666666666666667 0.6666666666666667 0.6666666666666667 0.5714283876081507 0.5 0.6666666666666667            
  0.4999996246998537 0.4999996246998537 0.4999996246998537 0.4999996246998537 0.4999996246998537 0.4999996246998537 0.4999996246998537 0.14285677521630147 0.2500003752993012 0.4999996246998537            
  0.4999996246998537 0.4999996246998537 0.4999996246998537 0.4999996246998537 0.4999996246998537 0.4999996246998537 0.4999996246998537 0.4285709690203768 0.4166666666666667 0.4999996246998537            
  0.6875000281475111 0.6875000281475111 0.6875000281475111 0.6875000281475111 0.6875000281475111 0.6875000281475111 0.6875000281475111 0.5892855488473356 0.5104166572841842 0.6875000281475111            
  0.6875000281475111 0.6875000281475111 0.6875000281475111 0.6875000281475111 0.6875000281475111 0.6875000281475111 0.6875000281475111 0.6249998069885582 0.5312499343226224 0.6875000281475111            
  0.6666666666666667 0.6666666666666667 0.6666666666666667 0.6666666666666667 0.6666666666666667 0.6666666666666667 0.6666666666666667 0.5714283876081507 0.5 0.6666666666666667            
  0.4999996246998537 0.4999996246998537 0.4999996246998537 0.4999996246998537 0.4999996246998537 0.4999996246998537 0.4999996246998537 0.4285709690203768 0.2500003752993012 0.4999996246998537            
  0.4999996246998537 0.4999996246998537 0.4999996246998537 0.4999996246998537 0.4999996246998537 0.4999996246998537 0.4999996246998537 0.4285709690203768 0.2500003752993012 0.4999996246998537            
  0.7083333896283553 0.7083333896283553 0.7083333896283553 0.7083333896283553 0.7083333896283553 0.7083333896283553 0.7083333896283553 0.6071427100865205 0.5208333145683683 0.7083333896283553            
  0.4999996246998537 0.4999996246998537 0.4999996246998537 0.4999996246998537 0.4999996246998537 0.4999996246998537 0.4999996246998537 0.4285709690203768 0.2500003752993012 0.4999996246998537            
  0.7499998123499269 0.7499998123499269 0.7499998123499269 0.7499998123499269 0.7499998123499269 0.7499998123499269 0.7499998123499269 0.6428567752163014 0.5416664790170161 0.7499998123499269            
  0.7083333896283553 0.7083333896283553 0.7083333896283553 0.7083333896283553 0.7083333896283553 0.7083333896283553 0.7083333896283553 0.6071427100865205 0.5208333145683683 0.7083333896283553            
  0.6666666666666667 0.6666666666666667 0.6666666666666667 0.6666666666666667 0.6666666666666667 0.6666666666666667 0.6666666666666667 0.4285709690203768 0.4166666666666667 0.6666666666666667            
  0.7499998123499269 0.7499998123499269 0.7499998123499269 0.7499998123499269 0.7499998123499269 0.7499998123499269 0.7499998123499269 0.6428567752163014 0.5416664790170161 0.7499998123499269            
  0.6666666666666667 0.6666666666666667 0.6666666666666667 0.6666666666666667 0.6666666666666667 0.6666666666666667 0.6666666666666667 0.5714283876081507 0.5 0.6666666666666667            
  0.6666666666666667 0.6666666666666667 0.6666666666666667 0.6666666666666667 0.6666666666666667 0.6666666666666667 0.6666666666666667 0.5714283876081507 0.5 0.6666666666666667            
  0.6666666666666667 0.6666666666666667 0.6666666666666667 0.6666666666666667 0.6666666666666667 0.6666666666666667 0.6666666666666667 0.5 0.4583335209829839 0.6666666666666667            
  0.8333337086334797 0.8333337086334797 0.8333337086334797 0.8333337086334797 0.8333337086334797 0.8333337086334797 0.8333337086334797 0.7142858061959246 0.5833333333333334 0.8333337086334797            
  0.6666666666666667 0.6666666666666667 0.6666666666666667 0.6666666666666667 0.6666666666666667 0.6666666666666667 0.6666666666666667 0.5714283876081507 0.5 0.6666666666666667            
  0.6666666666666667 0.6666666666666667 0.6666666666666667 0.6666666666666667 0.6666666666666667 0.6666666666666667 0.6666666666666667 0.5714283876081507 0.5 0.6666666666666667            
  0.4999996246998537 0.4999996246998537 0.4999996246998537 0.4999996246998537 0.4999996246998537 0.4999996246998537 0.4999996246998537 0.4285709690203768 0.2500003752993012 0.4999996246998537            
  0.5833335209834065 0.5833335209834065 0.5833335209834065 0.5833335209834065 0.5833335209834065 0.5833335209834065 0.5833335209834065 0.5 0.4583335209829839 0.5833335209834065            
  0.7499998123499269 0.7499998123499269 0.7499998123499269 0.7499998123499269 0.7499998123499269 0.7499998123499269 0.7499998123499269 0.6428567752163014 0.5416664790170161 0.7499998123499269            
  0.4999996246998537 0.4999996246998537 0.4999996246998537 0.4999996246998537 0.4999996246998537 0.4999996246998537 0.4999996246998537 0.4285709690203768 0.4166666666666667 0.4999996246998537            
  0.6666666666666667 0.6666666666666667 0.6666666666666667 0.6666666666666667 0.6666666666666667 0.6666666666666667 0.6666666666666667 0.5714283876081507 0.5 0.6666666666666667            
  0.6666666666666667 0.6666666666666667 0.6666666666666667 0.6666666666666667 0.6666666666666667 0.6666666666666667 0.6666666666666667 0.7142858061959246 0.5833333333333334 0.6666666666666667            
  0.6666666666666667 0.6666666666666667 0.6666666666666667 0.6666666666666667 0.6666666666666667 0.6666666666666667 0.6666666666666667 0.5714283876081507 0.5 0.6666666666666667            
  0.8333337086334797 0.8333337086334797 0.8333337086334797 0.8333337086334797 0.8333337086334797 0.8333337086334797 0.8333337086334797 0.7142858061959246 0.5833333333333334 0.8333337086334797            
  0.8333337086334797 0.8333337086334797 0.8333337086334797 0.8333337086334797 0.8333337086334797 0.8333337086334797 0.8333337086334797 0.7142858061959246 0.5833333333333334 0.8333337086334797            
  0.6666666666666667 0.6666666666666667 0.6666666666666667 0.6666666666666667 0.6666666666666667 0.6666666666666667 0.6666666666666667 0.5714283876081507 0.5 0.6666666666666667            
  0.7499998123499269 0.7499998123499269 0.7499998123499269 0.7499998123499269 0.7499998123499269 0.7499998123499269 0.7499998123499269 0.6428567752163014 0.5416664790170161 0.7499998123499269            
  0.6666666666666667 0.6666666666666667 0.6666666666666667 0.6666666666666667 0.6666666666666667 0.6666666666666667 0.6666666666666667 0.5714283876081507 0.5 0.6666666666666667            
  0.7499998123499269 0.7499998123499269 0.7499998123499269 0.7499998123499269 0.7499998123499269 0.7499998123499269 0.7499998123499269 0.7857141938040754 0.6249998123503494 0.7499998123499269            
  0.4999996246998537 0.4999996246998537 0.4999996246998537 0.4999996246998537 0.4999996246998537 0.4999996246998537 0.4999996246998537 0.4285709690203768 0.2500003752993012 0.4999996246998537            
  0.6666666666666667 0.6666666666666667 0.6666666666666667 0.6666666666666667 0.6666666666666667 0.6666666666666667 0.6666666666666667 0.5714283876081507 0.5 0.6666666666666667            
  0.5833335209834065 0.5833335209834065 0.5833335209834065 0.5833335209834065 0.5833335209834065 0.5833335209834065 0.5833335209834065 0.5 0.4583335209829839 0.5833335209834065            
  0.4999996246998537 0.4999996246998537 0.4999996246998537 0.4999996246998537 0.4999996246998537 0.4999996246998537 0.4999996246998537 0.14285677521630147 0.2500003752993012 0.4999996246998537            
  0.6666666666666667 0.6666666666666667 0.6666666666666667 0.6666666666666667 0.6666666666666667 0.6666666666666667 0.6666666666666667 0.5714283876081507 0.5 0.6666666666666667            
  0.6666666666666667 0.6666666666666667 0.6666666666666667 0.6666666666666667 0.6666666666666667 0.6666666666666667 0.6666666666666667 0.5714283876081507 0.5 0.6666666666666667            
  0.5833335209834065 0.5833335209834065 0.5833335209834065 0.5833335209834065 0.5833335209834065 0.5833335209834065 0.5833335209834065 0.5 0.4583335209829839 0.5833335209834065            
  0.7499998123499269 0.7499998123499269 0.7499998123499269 0.7499998123499269 0.7499998123499269 0.7499998123499269 0.7499998123499269 0.7857141938040754 0.6249998123503494 0.7499998123499269            
  0.5833335209834065 0.5833335209834065 0.5833335209834065 0.5833335209834065 0.5833335209834065 0.5833335209834065 0.5833335209834065 0.5 0.4583335209829839 0.5833335209834065            
  0.6666666666666667 0.6666666666666667 0.6666666666666667 0.6666666666666667 0.6666666666666667 0.6666666666666667 0.6666666666666667 0.5714283876081507 0.5 0.6666666666666667            
  0.6666666666666667 0.6666666666666667 0.6666666666666667 0.6666666666666667 0.6666666666666667 0.6666666666666667 0.6666666666666667 0.5714283876081507 0.5 0.6666666666666667            
  0.6666666666666667 0.6666666666666667 0.6666666666666667 0.6666666666666667 0.6666666666666667 0.6666666666666667 0.6666666666666667 0.5714283876081507 0.5 0.6666666666666667            
  0.6666666666666667 0.6666666666666667 0.6666666666666667 0.6666666666666667 0.6666666666666667 0.6666666666666667 0.6666666666666667 0.5714283876081507 0.5 0.6666666666666667            
  0.6249999437049781 0.6249999437049781 0.6249999437049781 0.6249999437049781 0.6249999437049781 0.6249999437049781 0.6249999437049781 0.5357140651297808 0.47916668543163166 0.6249999437049781            
  0.4999996246998537 0.4999996246998537 0.4999996246998537 0.4999996246998537 0.4999996246998537 0.4999996246998537 0.4999996246998537 0.4285709690203768 0.4166666666666667 0.4999996246998537            
  0.7499998123499269 0.7499998123499269 0.7499998123499269 0.7499998123499269 0.7499998123499269 0.7499998123499269 0.7499998123499269 0.6428567752163014 0.5416664790170161 0.7499998123499269            
  0.6249999437049781 0.6249999437049781 0.6249999437049781 0.6249999437049781 0.6249999437049781 0.6249999437049781 0.6249999437049781 0.5357140651297808 0.47916668543163166 0.6249999437049781            
  0.7083333896283553 0.7083333896283553 0.7083333896283553 0.7083333896283553 0.7083333896283553 0.7083333896283553 0.7083333896283553 0.6071427100865205 0.5208333145683683 0.7083333896283553            
  0.6666666666666667 0.6666666666666667 0.6666666666666667 0.6666666666666667 0.6666666666666667 0.6666666666666667 0.6666666666666667 0.5714283876081507 0.5 0.6666666666666667            
  0.7083333896283553 0.7083333896283553 0.7083333896283553 0.7083333896283553 0.7083333896283553 0.7083333896283553 0.7083333896283553 0.6071427100865205 0.5208333145683683 0.7083333896283553            
  0.5833335209834065 0.5833335209834065 0.5833335209834065 0.5833335209834065 0.5833335209834065 0.5833335209834065 0.5833335209834065 0.5 0.3750001876496506 0.5833335209834065            
  0.5833335209834065 0.5833335209834065 0.5833335209834065 0.5833335209834065 0.5833335209834065 0.5833335209834065 0.5833335209834065 0.5 0.4583335209829839 0.5833335209834065            
  0.6666666666666667 0.6666666666666667 0.6666666666666667 0.6666666666666667 0.6666666666666667 0.6666666666666667 0.6666666666666667 0.5714283876081507 0.5 0.6666666666666667            
  0.6666666666666667 0.6666666666666667 0.6666666666666667 0.6666666666666667 0.6666666666666667 0.6666666666666667 0.6666666666666667 0.5714283876081507 0.5 0.6666666666666667            
  0.5833335209834065 0.5833335209834065 0.5833335209834065 0.5833335209834065 0.5833335209834065 0.5833335209834065 0.5833335209834065 0.5 0.4583335209829839 0.5833335209834065            
  0.5833335209834065 0.5833335209834065 0.5833335209834065 0.5833335209834065 0.5833335209834065 0.5833335209834065 0.5833335209834065 0.5 0.3750001876496506 0.5833335209834065            
  0.7499998123499269 0.7499998123499269 0.7499998123499269 0.7499998123499269 0.7499998123499269 0.7499998123499269 0.7499998123499269 0.7857141938040754 0.6249998123503494 0.7499998123499269            
  0.6666666666666667 0.6666666666666667 0.6666666666666667 0.6666666666666667 0.6666666666666667 0.6666666666666667 0.6666666666666667 0.5714283876081507 0.5 0.6666666666666667            
  0.6666666666666667 0.6666666666666667 0.6666666666666667 0.6666666666666667 0.6666666666666667 0.6666666666666667 0.6666666666666667 0.5714283876081507 0.5 0.6666666666666667            
  0.6249999437049781 0.6249999437049781 0.6249999437049781 0.6249999437049781 0.6249999437049781 0.6249999437049781 0.6249999437049781 0.5357140651297808 0.47916668543163166 0.6249999437049781            
  0.6666666666666667 0.6666666666666667 0.6666666666666667 0.6666666666666667 0.6666666666666667 0.6666666666666667 0.6666666666666667 0.5714283876081507 0.5 0.6666666666666667            
  0.6458333051858224 0.6458333051858224 0.6458333051858224 0.6458333051858224 0.6458333051858224 0.6458333051858224 0.6458333051858224 0.5535712263689657 0.48958334271581583 0.6458333051858224            
  0.8333337086334797 0.8333337086334797 0.8333337086334797 0.8333337086334797 0.8333337086334797 0.8333337086334797 0.8333337086334797 0.7142858061959246 0.7499996247006988 0.8333337086334797            
  0.4999996246998537 0.4999996246998537 0.4999996246998537 0.4999996246998537 0.4999996246998537 0.4999996246998537 0.4999996246998537 0.4285709690203768 0.4166666666666667 0.4999996246998537            
  0.6666666666666667 0.6666666666666667 0.6666666666666667 0.6666666666666667 0.6666666666666667 0.6666666666666667 0.6666666666666667 0.5714283876081507 0.5 0.6666666666666667            
  0.7499998123499269 0.7499998123499269 0.7499998123499269 0.7499998123499269 0.7499998123499269 0.7499998123499269 0.7499998123499269 0.6428567752163014 0.6249998123503494 0.7499998123499269            
  0.6666666666666667 0.6666666666666667 0.6666666666666667 0.6666666666666667 0.6666666666666667 0.6666666666666667 0.6666666666666667 0.5714283876081507 0.5 0.6666666666666667            
  0.6666666666666667 0.6666666666666667 0.6666666666666667 0.6666666666666667 0.6666666666666667 0.6666666666666667 0.6666666666666667 0.5714283876081507 0.5 0.6666666666666667            
  0.6666666666666667 0.6666666666666667 0.6666666666666667 0.6666666666666667 0.6666666666666667 0.6666666666666667 0.6666666666666667 0.5892855488473356 0.5104166572841842 0.6666666666666667            
  0.6666666666666667 0.6666666666666667 0.6666666666666667 0.6666666666666667 0.6666666666666667 0.6666666666666667 0.6666666666666667 0.5714283876081507 0.5 0.6666666666666667            
  0.6666666666666667 0.6666666666666667 0.6666666666666667 0.6666666666666667 0.6666666666666667 0.6666666666666667 0.6666666666666667 0.5714283876081507 0.5 0.6666666666666667            
  0.8333337086334797 0.8333337086334797 0.8333337086334797 0.8333337086334797 0.8333337086334797 0.8333337086334797 0.8333337086334797 0.7142858061959246 0.7499996247006988 0.8333337086334797            
  0.4999996246998537 0.4999996246998537 0.4999996246998537 0.4999996246998537 0.4999996246998537 0.4999996246998537 0.4999996246998537 0.4285709690203768 0.4166666666666667 0.4999996246998537            
  0.6666666666666667 0.6666666666666667 0.6666666666666667 0.6666666666666667 0.6666666666666667 0.6666666666666667 0.6666666666666667 0.5714283876081507 0.5 0.6666666666666667            
  0.8333337086334797 0.8333337086334797 0.8333337086334797 0.8333337086334797 0.8333337086334797 0.8333337086334797 0.8333337086334797 0.7142858061959246 0.5833333333333334 0.8333337086334797            
  0.6666666666666667 0.6666666666666667 0.6666666666666667 0.6666666666666667 0.6666666666666667 0.6666666666666667 0.6666666666666667 0.5714283876081507 0.5 0.6666666666666667            
  0.6666666666666667 0.6666666666666667 0.6666666666666667 0.6666666666666667 0.6666666666666667 0.6666666666666667 0.6666666666666667 0.5714283876081507 0.5 0.6666666666666667            
  0.6666666666666667 0.6666666666666667 0.6666666666666667 0.6666666666666667 0.6666666666666667 0.6666666666666667 0.6666666666666667 0.5714283876081507 0.5 0.6666666666666667            
  0.8333337086334797 0.8333337086334797 0.8333337086334797 0.8333337086334797 0.8333337086334797 0.8333337086334797 0.8333337086334797 0.7142858061959246 0.5833333333333334 0.8333337086334797            
  0.6666666666666667 0.6666666666666667 0.6666666666666667 0.6666666666666667 0.6666666666666667 0.6666666666666667 0.6666666666666667 0.5714283876081507 0.5 0.6666666666666667            
  0.5833335209834065 0.5833335209834065 0.5833335209834065 0.5833335209834065 0.5833335209834065 0.5833335209834065 0.5833335209834065 0.5 0.3750001876496506 0.5833335209834065            
  0.6666666666666667 0.6666666666666667 0.6666666666666667 0.6666666666666667 0.6666666666666667 0.6666666666666667 0.6666666666666667 0.4285709690203768 0.4166666666666667 0.6666666666666667            
  0.5833335209834065 0.5833335209834065 0.5833335209834065 0.5833335209834065 0.5833335209834065 0.5833335209834065 0.5833335209834065 0.5 0.4583335209829839 0.5833335209834065            
  0.6666666666666667 0.6666666666666667 0.6666666666666667 0.6666666666666667 0.6666666666666667 0.6666666666666667 0.6666666666666667 0.5714283876081507 0.5 0.6666666666666667            
  0.7499998123499269 0.7499998123499269 0.7499998123499269 0.7499998123499269 0.7499998123499269 0.7499998123499269 0.7499998123499269 0.6428567752163014 0.5416664790170161 0.7499998123499269            
  0.5833335209834065 0.5833335209834065 0.5833335209834065 0.5833335209834065 0.5833335209834065 0.5833335209834065 0.5833335209834065 0.5 0.4583335209829839 0.5833335209834065            
  0.6666666666666667 0.6666666666666667 0.6666666666666667 0.6666666666666667 0.6666666666666667 0.6666666666666667 0.6666666666666667 0.5714283876081507 0.5 0.6666666666666667            
  0.6666666666666667 0.6666666666666667 0.6666666666666667 0.6666666666666667 0.6666666666666667 0.6666666666666667 0.6666666666666667 0.5714283876081507 0.5 0.6666666666666667            
  0.7083333896283553 0.7083333896283553 0.7083333896283553 0.7083333896283553 0.7083333896283553 0.7083333896283553 0.7083333896283553 0.6071427100865205 0.5208333145683683 0.7083333896283553            
  0.7083333896283553 0.7083333896283553 0.7083333896283553 0.7083333896283553 0.7083333896283553 0.7083333896283553 0.7083333896283553 0.6071427100865205 0.5208333145683683 0.7083333896283553            
  0.6666666666666667 0.6666666666666667 0.6666666666666667 0.6666666666666667 0.6666666666666667 0.6666666666666667 0.6666666666666667 0.5714283876081507 0.5 0.6666666666666667            
  0.4999996246998537 0.4999996246998537 0.4999996246998537 0.4999996246998537 0.4999996246998537 0.4999996246998537 0.4999996246998537 0.4285709690203768 0.4166666666666667 0.4999996246998537            
  0.6666666666666667 0.6666666666666667 0.6666666666666667 0.6666666666666667 0.6666666666666667 0.6666666666666667 0.6666666666666667 0.5714283876081507 0.5 0.6666666666666667            
  0.7499998123499269 0.7499998123499269 0.7499998123499269 0.7499998123499269 0.7499998123499269 0.7499998123499269 0.7499998123499269 0.7857141938040754 0.6249998123503494 0.7499998123499269            
  0.6666666666666667 0.6666666666666667 0.6666666666666667 0.6666666666666667 0.6666666666666667 0.6666666666666667 0.6666666666666667 0.5714283876081507 0.5 0.6666666666666667            
  0.6666666666666667 0.6666666666666667 0.6666666666666667 0.6666666666666667 0.6666666666666667 0.6666666666666667 0.6666666666666667 0.5714283876081507 0.5 0.6666666666666667            
  0.6666666666666667 0.6666666666666667 0.6666666666666667 0.6666666666666667 0.6666666666666667 0.6666666666666667 0.6666666666666667 0.6428567752163014 0.5416664790170161 0.6666666666666667            
  0.7499998123499269 0.7499998123499269 0.7499998123499269 0.7499998123499269 0.7499998123499269 0.7499998123499269 0.7499998123499269 0.6428567752163014 0.5416664790170161 0.7499998123499269            
  0.5833335209834065 0.5833335209834065 0.5833335209834065 0.5833335209834065 0.5833335209834065 0.5833335209834065 0.5833335209834065 0.5 0.4583335209829839 0.5833335209834065            
  0.8333337086334797 0.8333337086334797 0.8333337086334797 0.8333337086334797 0.8333337086334797 0.8333337086334797 0.8333337086334797 0.7142858061959246 0.5833333333333334 0.8333337086334797            
  0.6666666666666667 0.6666666666666667 0.6666666666666667 0.6666666666666667 0.6666666666666667 0.6666666666666667 0.6666666666666667 0.5714283876081507 0.5 0.6666666666666667            
  0.6666666666666667 0.6666666666666667 0.6666666666666667 0.6666666666666667 0.6666666666666667 0.6666666666666667 0.6666666666666667 0.5714283876081507 0.5 0.6666666666666667            
  0.5833335209834065 0.5833335209834065 0.5833335209834065 0.5833335209834065 0.5833335209834065 0.5833335209834065 0.5833335209834065 0.5 0.4583335209829839 0.5833335209834065            
  0.5833335209834065 0.5833335209834065 0.5833335209834065 0.5833335209834065 0.5833335209834065 0.5833335209834065 0.5833335209834065 0.3571425814122261 0.3750001876496506 0.5833335209834065            
  0.6666666666666667 0.6666666666666667 0.6666666666666667 0.6666666666666667 0.6666666666666667 0.6666666666666667 0.6666666666666667 0.5714283876081507 0.5 0.6666666666666667            
  0.6666666666666667 0.6666666666666667 0.6666666666666667 0.6666666666666667 0.6666666666666667 0.6666666666666667 0.6666666666666667 0.5892855488473356 0.5104166572841842 0.6666666666666667            
  0.6249999437049781 0.6249999437049781 0.6249999437049781 0.6249999437049781 0.6249999437049781 0.6249999437049781 0.6249999437049781 0.5357140651297808 0.47916668543163166 0.6249999437049781            
  0.4999996246998537 0.4999996246998537 0.4999996246998537 0.4999996246998537 0.4999996246998537 0.4999996246998537 0.4999996246998537 0.14285677521630147 0.2500003752993012 0.4999996246998537            
  0.6666666666666667 0.6666666666666667 0.6666666666666667 0.6666666666666667 0.6666666666666667 0.6666666666666667 0.6666666666666667 0.5714283876081507 0.5 0.6666666666666667            
  0.8333337086334797 0.8333337086334797 0.8333337086334797 0.8333337086334797 0.8333337086334797 0.8333337086334797 0.8333337086334797 0.7142858061959246 0.5833333333333334 0.8333337086334797            
  0.0 0.0 0.0 0.0 0.0 0.0 0.0 0.0 0.16666741726526904 0.0            
  0.4999996246998537 0.4999996246998537 0.4999996246998537 0.4999996246998537 0.4999996246998537 0.4999996246998537 0.4999996246998537 0.4285709690203768 0.4166666666666667 0.4999996246998537            
  0.8333337086334797 0.8333337086334797 0.8333337086334797 0.8333337086334797 0.8333337086334797 0.8333337086334797 0.8333337086334797 0.7142858061959246 0.5833333333333334 0.8333337086334797            
  0.4999996246998537 0.4999996246998537 0.4999996246998537 0.4999996246998537 0.4999996246998537 0.4999996246998537 0.4999996246998537 0.4285709690203768 0.4166666666666667 0.4999996246998537            
  0.7083333896283553 0.7083333896283553 0.7083333896283553 0.7083333896283553 0.7083333896283553 0.7083333896283553 0.7083333896283553 0.6071427100865205 0.562499718525524 0.7083333896283553            
  0.6666666666666667 0.6666666666666667 0.6666666666666667 0.6666666666666667 0.6666666666666667 0.6666666666666667 0.6666666666666667 0.5714283876081507 0.5 0.6666666666666667            
  0.6666666666666667 0.6666666666666667 0.6666666666666667 0.6666666666666667 0.6666666666666667 0.6666666666666667 0.6666666666666667 0.5714283876081507 0.5 0.6666666666666667            
  0.6666666666666667 0.6666666666666667 0.6666666666666667 0.6666666666666667 0.6666666666666667 0.6666666666666667 0.6666666666666667 0.5714283876081507 0.5 0.6666666666666667            
  0.5833335209834065 0.5833335209834065 0.5833335209834065 0.5833335209834065 0.5833335209834065 0.5833335209834065 0.5833335209834065 0.5 0.4583335209829839 0.5833335209834065            
  0.4999996246998537 0.4999996246998537 0.4999996246998537 0.4999996246998537 0.4999996246998537 0.4999996246998537 0.4999996246998537 0.4285709690203768 0.4166666666666667 0.4999996246998537            
  0.6666666666666667 0.6666666666666667 0.6666666666666667 0.6666666666666667 0.6666666666666667 0.6666666666666667 0.6666666666666667 0.5714283876081507 0.5 0.6666666666666667            
  0.6666666666666667 0.6666666666666667 0.6666666666666667 0.6666666666666667 0.6666666666666667 0.6666666666666667 0.6666666666666667 0.5714283876081507 0.5 0.6666666666666667            
  0.6666666666666667 0.6666666666666667 0.6666666666666667 0.6666666666666667 0.6666666666666667 0.6666666666666667 0.6666666666666667 0.5714283876081507 0.5 0.6666666666666667            
  0.4999996246998537 0.4999996246998537 0.4999996246998537 0.4999996246998537 0.4999996246998537 0.4999996246998537 0.4999996246998537 0.4285709690203768 0.2500003752993012 0.4999996246998537            
  0.6666666666666667 0.6666666666666667 0.6666666666666667 0.6666666666666667 0.6666666666666667 0.6666666666666667 0.6666666666666667 0.7142858061959246 0.5833333333333334 0.6666666666666667            
  0.6666666666666667 0.6666666666666667 0.6666666666666667 0.6666666666666667 0.6666666666666667 0.6666666666666667 0.6666666666666667 0.5714283876081507 0.5 0.6666666666666667            
  0.6666666666666667 0.6666666666666667 0.6666666666666667 0.6666666666666667 0.6666666666666667 0.6666666666666667 0.6666666666666667 0.5714283876081507 0.5 0.6666666666666667            
  0.5833335209834065 0.5833335209834065 0.5833335209834065 0.5833335209834065 0.5833335209834065 0.5833335209834065 0.5833335209834065 0.5 0.4583335209829839 0.5833335209834065            
  0.6666666666666667 0.6666666666666667 0.6666666666666667 0.6666666666666667 0.6666666666666667 0.6666666666666667 0.6666666666666667 0.5714283876081507 0.5 0.6666666666666667            
  1.0 1.0 1.0 1.0 1.0 1.0 1.0 0.857142581412226 0.6666662913673655 1.0            
  1.0 1.0 1.0 1.0 1.0 1.0 1.0 0.857142581412226 1.0 1.0            
  0.8333337086334797 0.8333337086334797 0.8333337086334797 0.8333337086334797 0.8333337086334797 0.8333337086334797 0.8333337086334797 0.7142858061959246 0.5833333333333334 0.8333337086334797            
  0.8333337086334797 0.8333337086334797 0.8333337086334797 0.8333337086334797 0.8333337086334797 0.8333337086334797 0.8333337086334797 0.7142858061959246 0.5833333333333334 0.8333337086334797            
  0.4999996246998537 0.4999996246998537 0.4999996246998537 0.4999996246998537 0.4999996246998537 0.4999996246998537 0.4999996246998537 0.4285709690203768 0.4166666666666667 0.4999996246998537            
  0.5833335209834065 0.5833335209834065 0.5833335209834065 0.5833335209834065 0.5833335209834065 0.5833335209834065 0.5833335209834065 0.5 0.4583335209829839 0.5833335209834065            
  0.6666666666666667 0.6666666666666667 0.6666666666666667 0.6666666666666667 0.6666666666666667 0.6666666666666667 0.6666666666666667 0.7142858061959246 0.5833333333333334 0.6666666666666667            
  0.6666666666666667 0.6666666666666667 0.6666666666666667 0.6666666666666667 0.6666666666666667 0.6666666666666667 0.6666666666666667 0.5714283876081507 0.5 0.6666666666666667            
  0.8333337086334797 0.8333337086334797 0.8333337086334797 0.8333337086334797 0.8333337086334797 0.8333337086334797 0.8333337086334797 1.0 0.7499996247006988 0.8333337086334797            
  0.4999996246998537 0.4999996246998537 0.4999996246998537 0.4999996246998537 0.4999996246998537 0.4999996246998537 0.4999996246998537 0.4285709690203768 0.4166666666666667 0.4999996246998537            
  0.8333337086334797 0.8333337086334797 0.8333337086334797 0.8333337086334797 0.8333337086334797 0.8333337086334797 0.8333337086334797 0.7142858061959246 0.5833333333333334 0.8333337086334797            
  0.7083333896283553 0.7083333896283553 0.7083333896283553 0.7083333896283553 0.7083333896283553 0.7083333896283553 0.7083333896283553 0.6071427100865205 0.5208333145683683 0.7083333896283553            
  0.8333337086334797 0.8333337086334797 0.8333337086334797 0.8333337086334797 0.8333337086334797 0.8333337086334797 0.8333337086334797 0.7142858061959246 0.5833333333333334 0.8333337086334797            
  0.6666666666666667 0.6666666666666667 0.6666666666666667 0.6666666666666667 0.6666666666666667 0.6666666666666667 0.6666666666666667 0.5714283876081507 0.5 0.6666666666666667            
  0.6666666666666667 0.6666666666666667 0.6666666666666667 0.6666666666666667 0.6666666666666667 0.6666666666666667 0.6666666666666667 0.5714283876081507 0.5 0.6666666666666667            
  0.6614583338024586 0.6614583338024586 0.6614583338024586 0.6614583338024586 0.6614583338024586 0.6614583338024586 0.6614583338024586 0.5669641037320692 0.4921875070368619 0.6614583338024586            
  0.6666666666666667 0.6666666666666667 0.6666666666666667 0.6666666666666667 0.6666666666666667 0.6666666666666667 0.6666666666666667 0.5714283876081507 0.5 0.6666666666666667            
  0.6666666666666667 0.6666666666666667 0.6666666666666667 0.6666666666666667 0.6666666666666667 0.6666666666666667 0.6666666666666667 0.5714283876081507 0.5 0.6666666666666667            
  0.6666666666666667 0.6666666666666667 0.6666666666666667 0.6666666666666667 0.6666666666666667 0.6666666666666667 0.6666666666666667 0.5714283876081507 0.5 0.6666666666666667            
  0.8333337086334797 0.8333337086334797 0.8333337086334797 0.8333337086334797 0.8333337086334797 0.8333337086334797 0.8333337086334797 0.7142858061959246 0.5833333333333334 0.8333337086334797            
  0.4999996246998537 0.4999996246998537 0.4999996246998537 0.4999996246998537 0.4999996246998537 0.4999996246998537 0.4999996246998537 0.14285677521630147 0.2500003752993012 0.4999996246998537            
  0.6666666666666667 0.6666666666666667 0.6666666666666667 0.6666666666666667 0.6666666666666667 0.6666666666666667 0.6666666666666667 0.5714283876081507 0.5 0.6666666666666667            
  0.6666666666666667 0.6666666666666667 0.6666666666666667 0.6666666666666667 0.6666666666666667 0.6666666666666667 0.6666666666666667 0.5714283876081507 0.5 0.6666666666666667            
  0.8333337086334797 0.8333337086334797 0.8333337086334797 0.8333337086334797 0.8333337086334797 0.8333337086334797 0.8333337086334797 0.7142858061959246 0.5833333333333334 0.8333337086334797            
  0.8333337086334797 0.8333337086334797 0.8333337086334797 0.8333337086334797 0.8333337086334797 0.8333337086334797 0.8333337086334797 0.7142858061959246 0.5833333333333334 0.8333337086334797            
  0.6666666666666667 0.6666666666666667 0.6666666666666667 0.6666666666666667 0.6666666666666667 0.6666666666666667 0.6666666666666667 0.7142858061959246 0.5833333333333334 0.6666666666666667            
  0.8333337086334797 0.8333337086334797 0.8333337086334797 0.8333337086334797 0.8333337086334797 0.8333337086334797 0.8333337086334797 0.7142858061959246 0.7499996247006988 0.8333337086334797            
  0.6666666666666667 0.6666666666666667 0.6666666666666667 0.6666666666666667 0.6666666666666667 0.6666666666666667 0.6666666666666667 0.5714283876081507 0.5 0.6666666666666667            
  0.6666666666666667 0.6666666666666667 0.6666666666666667 0.6666666666666667 0.6666666666666667 0.6666666666666667 0.6666666666666667 0.5714283876081507 0.5 0.6666666666666667            
  0.4999996246998537 0.4999996246998537 0.4999996246998537 0.4999996246998537 0.4999996246998537 0.4999996246998537 0.4999996246998537 0.4285709690203768 0.4166666666666667 0.4999996246998537            
  0.6666666666666667 0.6666666666666667 0.6666666666666667 0.6666666666666667 0.6666666666666667 0.6666666666666667 0.6666666666666667 0.5714283876081507 0.5 0.6666666666666667            
  0.7499998123499269 0.7499998123499269 0.7499998123499269 0.7499998123499269 0.7499998123499269 0.7499998123499269 0.7499998123499269 0.6428567752163014 0.5416664790170161 0.7499998123499269            
  0.6666666666666667 0.6666666666666667 0.6666666666666667 0.6666666666666667 0.6666666666666667 0.6666666666666667 0.6666666666666667 0.5714283876081507 0.5 0.6666666666666667            
  0.6666666666666667 0.6666666666666667 0.6666666666666667 0.6666666666666667 0.6666666666666667 0.6666666666666667 0.6666666666666667 0.5714283876081507 0.5 0.6666666666666667            
  0.8333337086334797 0.8333337086334797 0.8333337086334797 0.8333337086334797 0.8333337086334797 0.8333337086334797 0.8333337086334797 1.0 0.7499996247006988 0.8333337086334797            
  0.6666666666666667 0.6666666666666667 0.6666666666666667 0.6666666666666667 0.6666666666666667 0.6666666666666667 0.6666666666666667 0.5714283876081507 0.5 0.6666666666666667            
  0.6666666666666667 0.6666666666666667 0.6666666666666667 0.6666666666666667 0.6666666666666667 0.6666666666666667 0.6666666666666667 0.7142858061959246 0.5833333333333334 0.6666666666666667            
  0.6666666666666667 0.6666666666666667 0.6666666666666667 0.6666666666666667 0.6666666666666667 0.6666666666666667 0.6666666666666667 0.5714283876081507 0.5 0.6666666666666667            
  0.8333337086334797 0.8333337086334797 0.8333337086334797 0.8333337086334797 0.8333337086334797 0.8333337086334797 0.8333337086334797 0.7142858061959246 0.5833333333333334 0.8333337086334797            
  0.33333333333333337 0.33333333333333337 0.33333333333333337 0.33333333333333337 0.33333333333333337 0.33333333333333337 0.33333333333333337 0.28571419380407537 0.3333337086326345 0.33333333333333337            
  0.7499998123499269 0.7499998123499269 0.7499998123499269 0.7499998123499269 0.7499998123499269 0.7499998123499269 0.7499998123499269 0.6428567752163014 0.5416664790170161 0.7499998123499269            
  0.6666666666666667 0.6666666666666667 0.6666666666666667 0.6666666666666667 0.6666666666666667 0.6666666666666667 0.6666666666666667 0.5714283876081507 0.5 0.6666666666666667            
  0.6562499859262445 0.6562499859262445 0.6562499859262445 0.6562499859262445 0.6562499859262445 0.6562499859262445 0.6562499859262445 0.5624998069885582 0.48437501407372374 0.6562499859262445            
  0.8333337086334797 0.8333337086334797 0.8333337086334797 0.8333337086334797 0.8333337086334797 0.8333337086334797 0.8333337086334797 0.7142858061959246 0.5833333333333334 0.8333337086334797            
  0.6666666666666667 0.6666666666666667 0.6666666666666667 0.6666666666666667 0.6666666666666667 0.6666666666666667 0.6666666666666667 0.5714283876081507 0.5 0.6666666666666667            
  0.4999996246998537 0.4999996246998537 0.4999996246998537 0.4999996246998537 0.4999996246998537 0.4999996246998537 0.4999996246998537 0.4285709690203768 0.4166666666666667 0.4999996246998537            
  0.4999996246998537 0.4999996246998537 0.4999996246998537 0.4999996246998537 0.4999996246998537 0.4999996246998537 0.4999996246998537 0.4285709690203768 0.4166666666666667 0.4999996246998537            
  0.7499998123499269 0.7499998123499269 0.7499998123499269 0.7499998123499269 0.7499998123499269 0.7499998123499269 0.7499998123499269 0.6428567752163014 0.5416664790170161 0.7499998123499269            
  0.6562499859262445 0.6562499859262445 0.6562499859262445 0.6562499859262445 0.6562499859262445 0.6562499859262445 0.6562499859262445 0.5624998069885582 0.4947916713579079 0.6562499859262445            
  0.7499998123499269 0.7499998123499269 0.7499998123499269 0.7499998123499269 0.7499998123499269 0.7499998123499269 0.7499998123499269 0.6428567752163014 0.5416664790170161 0.7499998123499269            
  0.4999996246998537 0.4999996246998537 0.4999996246998537 0.4999996246998537 0.4999996246998537 0.4999996246998537 0.4999996246998537 0.4285709690203768 0.4166666666666667 0.4999996246998537            
  0.6666666666666667 0.6666666666666667 0.6666666666666667 0.6666666666666667 0.6666666666666667 0.6666666666666667 0.6666666666666667 0.5714283876081507 0.5 0.6666666666666667            
  0.6666666666666667 0.6666666666666667 0.6666666666666667 0.6666666666666667 0.6666666666666667 0.6666666666666667 0.6666666666666667 0.5714283876081507 0.5 0.6666666666666667            
  0.6666666666666667 0.6666666666666667 0.6666666666666667 0.6666666666666667 0.6666666666666667 0.6666666666666667 0.6666666666666667 0.5714283876081507 0.5 0.6666666666666667            
  0.6666666666666667 0.6666666666666667 0.6666666666666667 0.6666666666666667 0.6666666666666667 0.6666666666666667 0.6666666666666667 0.5714283876081507 0.5 0.6666666666666667            
  0.6666666666666667 0.6666666666666667 0.6666666666666667 0.6666666666666667 0.6666666666666667 0.6666666666666667 0.6666666666666667 0.5714283876081507 0.5 0.6666666666666667            
  0.5833335209834065 0.5833335209834065 0.5833335209834065 0.5833335209834065 0.5833335209834065 0.5833335209834065 0.5833335209834065 0.3571425814122261 0.3750001876496506 0.5833335209834065            
  0.8333337086334797 0.8333337086334797 0.8333337086334797 0.8333337086334797 0.8333337086334797 0.8333337086334797 0.8333337086334797 0.7142858061959246 0.5833333333333334 0.8333337086334797            
  0.6666666666666667 0.6666666666666667 0.6666666666666667 0.6666666666666667 0.6666666666666667 0.6666666666666667 0.6666666666666667 0.5714283876081507 0.5 0.6666666666666667            
  0.8333337086334797 0.8333337086334797 0.8333337086334797 0.8333337086334797 0.8333337086334797 0.8333337086334797 0.8333337086334797 0.7142858061959246 0.5833333333333334 0.8333337086334797            
  0.33333333333333337 0.33333333333333337 0.33333333333333337 0.33333333333333337 0.33333333333333337 0.33333333333333337 0.33333333333333337 0.28571419380407537 0.0 0.33333333333333337            
  0.5833335209834065 0.5833335209834065 0.5833335209834065 0.5833335209834065 0.5833335209834065 0.5833335209834065 0.5833335209834065 0.5 0.4583335209829839 0.5833335209834065            
  0.4999996246998537 0.4999996246998537 0.4999996246998537 0.4999996246998537 0.4999996246998537 0.4999996246998537 0.4999996246998537 0.4285709690203768 0.2500003752993012 0.4999996246998537            
  0.5833335209834065 0.5833335209834065 0.5833335209834065 0.5833335209834065 0.5833335209834065 0.5833335209834065 0.5833335209834065 0.5 0.4583335209829839 0.5833335209834065            
  0.6666666666666667 0.6666666666666667 0.6666666666666667 0.6666666666666667 0.6666666666666667 0.6666666666666667 0.6666666666666667 0.5714283876081507 0.5 0.6666666666666667            
  0.6666666666666667 0.6666666666666667 0.6666666666666667 0.6666666666666667 0.6666666666666667 0.6666666666666667 0.6666666666666667 0.5624998069885582 0.4947916713579079 0.6666666666666667            
  1.0 1.0 1.0 1.0 1.0 1.0 1.0 0.857142581412226 0.6666662913673655 1.0            
  1.0 1.0 1.0 1.0 1.0 1.0 1.0 0.857142581412226 0.6666662913673655 1.0            
  0.6666666666666667 0.6666666666666667 0.6666666666666667 0.6666666666666667 0.6666666666666667 0.6666666666666667 0.6666666666666667 0.6428567752163014 0.5416664790170161 0.6666666666666667            
  0.4999996246998537 0.4999996246998537 0.4999996246998537 0.4999996246998537 0.4999996246998537 0.4999996246998537 0.4999996246998537 0.4285709690203768 0.4166666666666667 0.4999996246998537            
  0.6666666666666667 0.6666666666666667 0.6666666666666667 0.6666666666666667 0.6666666666666667 0.6666666666666667 0.6666666666666667 0.5714283876081507 0.5 0.6666666666666667            
  0.6666666666666667 0.6666666666666667 0.6666666666666667 0.6666666666666667 0.6666666666666667 0.6666666666666667 0.6666666666666667 0.5714283876081507 0.5 0.6666666666666667            
  0.8333337086334797 0.8333337086334797 0.8333337086334797 0.8333337086334797 0.8333337086334797 0.8333337086334797 0.8333337086334797 0.7142858061959246 0.5833333333333334 0.8333337086334797            
  0.8333337086334797 0.8333337086334797 0.8333337086334797 0.8333337086334797 0.8333337086334797 0.8333337086334797 0.8333337086334797 0.7142858061959246 0.7499996247006988 0.8333337086334797            
  0.8333337086334797 0.8333337086334797 0.8333337086334797 0.8333337086334797 0.8333337086334797 0.8333337086334797 0.8333337086334797 0.7142858061959246 0.5833333333333334 0.8333337086334797            
  0.4999996246998537 0.4999996246998537 0.4999996246998537 0.4999996246998537 0.4999996246998537 0.4999996246998537 0.4999996246998537 0.4285709690203768 0.4166666666666667 0.4999996246998537            
  0.6666666666666667 0.6666666666666667 0.6666666666666667 0.6666666666666667 0.6666666666666667 0.6666666666666667 0.6666666666666667 0.5714283876081507 0.5 0.6666666666666667            
  0.7083333896283553 0.7083333896283553 0.7083333896283553 0.7083333896283553 0.7083333896283553 0.7083333896283553 0.7083333896283553 0.6071427100865205 0.5208333145683683 0.7083333896283553            
  0.6666666666666667 0.6666666666666667 0.6666666666666667 0.6666666666666667 0.6666666666666667 0.6666666666666667 0.6666666666666667 0.5714283876081507 0.5 0.6666666666666667            
  0.8333337086334797 0.8333337086334797 0.8333337086334797 0.8333337086334797 0.8333337086334797 0.8333337086334797 0.8333337086334797 0.7142858061959246 0.5833333333333334 0.8333337086334797            
  0.7499998123499269 0.7499998123499269 0.7499998123499269 0.7499998123499269 0.7499998123499269 0.7499998123499269 0.7499998123499269 0.6428567752163014 0.5416664790170161 0.7499998123499269            
  0.7499998123499269 0.7499998123499269 0.7499998123499269 0.7499998123499269 0.7499998123499269 0.7499998123499269 0.7499998123499269 0.6428567752163014 0.6249998123503494 0.7499998123499269            
  0.8333337086334797 0.8333337086334797 0.8333337086334797 0.8333337086334797 0.8333337086334797 0.8333337086334797 0.8333337086334797 0.7142858061959246 0.7499996247006988 0.8333337086334797            
  0.4999996246998537 0.4999996246998537 0.4999996246998537 0.4999996246998537 0.4999996246998537 0.4999996246998537 0.4999996246998537 0.4285709690203768 0.2500003752993012 0.4999996246998537            
  0.8333337086334797 0.8333337086334797 0.8333337086334797 0.8333337086334797 0.8333337086334797 0.8333337086334797 0.8333337086334797 0.7142858061959246 0.5833333333333334 0.8333337086334797            
  0.6666666666666667 0.6666666666666667 0.6666666666666667 0.6666666666666667 0.6666666666666667 0.6666666666666667 0.6666666666666667 0.5714283876081507 0.5 0.6666666666666667            
  0.7083333896283553 0.7083333896283553 0.7083333896283553 0.7083333896283553 0.7083333896283553 0.7083333896283553 0.7083333896283553 0.6785709690203768 0.562499718525524 0.7083333896283553            
  0.7499998123499269 0.7499998123499269 0.7499998123499269 0.7499998123499269 0.7499998123499269 0.7499998123499269 0.7499998123499269 0.6428567752163014 0.5416664790170161 0.7499998123499269            
  0.8333337086334797 0.8333337086334797 0.8333337086334797 0.8333337086334797 0.8333337086334797 0.8333337086334797 0.8333337086334797 0.7142858061959246 0.5833333333333334 0.8333337086334797            
  0.4999996246998537 0.4999996246998537 0.4999996246998537 0.4999996246998537 0.4999996246998537 0.4999996246998537 0.4999996246998537 0.4285709690203768 0.4166666666666667 0.4999996246998537            
  0.33333333333333337 0.33333333333333337 0.33333333333333337 0.33333333333333337 0.33333333333333337 0.33333333333333337 0.33333333333333337 0.28571419380407537 0.3333337086326345 0.33333333333333337            
  0.6666666666666667 0.6666666666666667 0.6666666666666667 0.6666666666666667 0.6666666666666667 0.6666666666666667 0.6666666666666667 0.5714283876081507 0.5 0.6666666666666667            
  0.4999996246998537 0.4999996246998537 0.4999996246998537 0.4999996246998537 0.4999996246998537 0.4999996246998537 0.4999996246998537 0.4285709690203768 0.2500003752993012 0.4999996246998537            
  0.6666666666666667 0.6666666666666667 0.6666666666666667 0.6666666666666667 0.6666666666666667 0.6666666666666667 0.6666666666666667 0.5714283876081507 0.5 0.6666666666666667            
  0.6458333051858224 0.6458333051858224 0.6458333051858224 0.6458333051858224 0.6458333051858224 0.6458333051858224 0.6458333051858224 0.5535712263689657 0.48958334271581583 0.6458333051858224            
  0.6666666666666667 0.6666666666666667 0.6666666666666667 0.6666666666666667 0.6666666666666667 0.6666666666666667 0.6666666666666667 0.5624998069885582 0.4947916713579079 0.6666666666666667            
  0.6666666666666667 0.6666666666666667 0.6666666666666667 0.6666666666666667 0.6666666666666667 0.6666666666666667 0.6666666666666667 0.5714283876081507 0.5 0.6666666666666667            
  0.6666666666666667 0.6666666666666667 0.6666666666666667 0.6666666666666667 0.6666666666666667 0.6666666666666667 0.6666666666666667 0.5714283876081507 0.5 0.6666666666666667            
  0.4999996246998537 0.4999996246998537 0.4999996246998537 0.4999996246998537 0.4999996246998537 0.4999996246998537 0.4999996246998537 0.4285709690203768 0.4166666666666667 0.4999996246998537            
  0.6666666666666667 0.6666666666666667 0.6666666666666667 0.6666666666666667 0.6666666666666667 0.6666666666666667 0.6666666666666667 0.5714283876081507 0.5 0.6666666666666667            
  0.6666666666666667 0.6666666666666667 0.6666666666666667 0.6666666666666667 0.6666666666666667 0.6666666666666667 0.6666666666666667 0.5714283876081507 0.5 0.6666666666666667            
  0.6666666666666667 0.6666666666666667 0.6666666666666667 0.6666666666666667 0.6666666666666667 0.6666666666666667 0.6666666666666667 0.5714283876081507 0.5 0.6666666666666667            
  0.4999996246998537 0.4999996246998537 0.4999996246998537 0.4999996246998537 0.4999996246998537 0.4999996246998537 0.4999996246998537 0.4285709690203768 0.4166666666666667 0.4999996246998537            
  0.6666666666666667 0.6666666666666667 0.6666666666666667 0.6666666666666667 0.6666666666666667 0.6666666666666667 0.6666666666666667 0.5714283876081507 0.5 0.6666666666666667            
  0.7499998123499269 0.7499998123499269 0.7499998123499269 0.7499998123499269 0.7499998123499269 0.7499998123499269 0.7499998123499269 0.6428567752163014 0.5416664790170161 0.7499998123499269            
  0.7499998123499269 0.7499998123499269 0.7499998123499269 0.7499998123499269 0.7499998123499269 0.7499998123499269 0.7499998123499269 0.6428567752163014 0.5416664790170161 0.7499998123499269            
  0.8333337086334797 0.8333337086334797 0.8333337086334797 0.8333337086334797 0.8333337086334797 0.8333337086334797 0.8333337086334797 1.0 0.7499996247006988 0.8333337086334797            
  0.6249999437049781 0.6249999437049781 0.6249999437049781 0.6249999437049781 0.6249999437049781 0.6249999437049781 0.6249999437049781 0.5357140651297808 0.4375002814744759 0.6249999437049781            
  0.6666666666666667 0.6666666666666667 0.6666666666666667 0.6666666666666667 0.6666666666666667 0.6666666666666667 0.6666666666666667 0.5714283876081507 0.5 0.6666666666666667            
  0.6666666666666667 0.6666666666666667 0.6666666666666667 0.6666666666666667 0.6666666666666667 0.6666666666666667 0.6666666666666667 0.5714283876081507 0.5 0.6666666666666667            
  0.7499998123499269 0.7499998123499269 0.7499998123499269 0.7499998123499269 0.7499998123499269 0.7499998123499269 0.7499998123499269 0.6428567752163014 0.5416664790170161 0.7499998123499269            
  0.6666666666666667 0.6666666666666667 0.6666666666666667 0.6666666666666667 0.6666666666666667 0.6666666666666667 0.6666666666666667 0.5714283876081507 0.5 0.6666666666666667            
  0.8333337086334797 0.8333337086334797 0.8333337086334797 0.8333337086334797 0.8333337086334797 0.8333337086334797 0.8333337086334797 0.7142858061959246 0.5833333333333334 0.8333337086334797            
  0.6666666666666667 0.6666666666666667 0.6666666666666667 0.6666666666666667 0.6666666666666667 0.6666666666666667 0.6666666666666667 0.5714283876081507 0.5 0.6666666666666667            
  0.7499998123499269 0.7499998123499269 0.7499998123499269 0.7499998123499269 0.7499998123499269 0.7499998123499269 0.7499998123499269 0.6428567752163014 0.5416664790170161 0.7499998123499269            
  0.6666666666666667 0.6666666666666667 0.6666666666666667 0.6666666666666667 0.6666666666666667 0.6666666666666667 0.6666666666666667 0.5714283876081507 0.5 0.6666666666666667            
  0.4999996246998537 0.4999996246998537 0.4999996246998537 0.4999996246998537 0.4999996246998537 0.4999996246998537 0.4999996246998537 0.4285709690203768 0.4166666666666667 0.4999996246998537            
  0.6666666666666667 0.6666666666666667 0.6666666666666667 0.6666666666666667 0.6666666666666667 0.6666666666666667 0.6666666666666667 0.5714283876081507 0.5 0.6666666666666667            
  0.5833335209834065 0.5833335209834065 0.5833335209834065 0.5833335209834065 0.5833335209834065 0.5833335209834065 0.5833335209834065 0.5 0.4583335209829839 0.5833335209834065            
  0.5833335209834065 0.5833335209834065 0.5833335209834065 0.5833335209834065 0.5833335209834065 0.5833335209834065 0.5833335209834065 0.5 0.4583335209829839 0.5833335209834065            
  0.6666666666666667 0.6666666666666667 0.6666666666666667 0.6666666666666667 0.6666666666666667 0.6666666666666667 0.6666666666666667 0.5714283876081507 0.5 0.6666666666666667            
  0.4999996246998537 0.4999996246998537 0.4999996246998537 0.4999996246998537 0.4999996246998537 0.4999996246998537 0.4999996246998537 0.4285709690203768 0.2500003752993012 0.4999996246998537            
  0.6666666666666667 0.6666666666666667 0.6666666666666667 0.6666666666666667 0.6666666666666667 0.6666666666666667 0.6666666666666667 0.5714283876081507 0.5 0.6666666666666667            
  0.5833335209834065 0.5833335209834065 0.5833335209834065 0.5833335209834065 0.5833335209834065 0.5833335209834065 0.5833335209834065 0.5 0.4583335209829839 0.5833335209834065            
  0.8333337086334797 0.8333337086334797 0.8333337086334797 0.8333337086334797 0.8333337086334797 0.8333337086334797 0.8333337086334797 0.7142858061959246 0.5833333333333334 0.8333337086334797            
  0.7499998123499269 0.7499998123499269 0.7499998123499269 0.7499998123499269 0.7499998123499269 0.7499998123499269 0.7499998123499269 0.6428567752163014 0.5416664790170161 0.7499998123499269            
  0.8333337086334797 0.8333337086334797 0.8333337086334797 0.8333337086334797 0.8333337086334797 0.8333337086334797 0.8333337086334797 0.7142858061959246 0.5833333333333334 0.8333337086334797            
  0.6666666666666667 0.6666666666666667 0.6666666666666667 0.6666666666666667 0.6666666666666667 0.6666666666666667 0.6666666666666667 0.5714283876081507 0.5 0.6666666666666667            
  0.6666666666666667 0.6666666666666667 0.6666666666666667 0.6666666666666667 0.6666666666666667 0.6666666666666667 0.6666666666666667 0.5714283876081507 0.5 0.6666666666666667            
  0.4999996246998537 0.4999996246998537 0.4999996246998537 0.4999996246998537 0.4999996246998537 0.4999996246998537 0.4999996246998537 0.4285709690203768 0.2500003752993012 0.4999996246998537            
  0.8333337086334797 0.8333337086334797 0.8333337086334797 0.8333337086334797 0.8333337086334797 0.8333337086334797 0.8333337086334797 0.7142858061959246 0.5833333333333334 0.8333337086334797            
  0.8333337086334797 0.8333337086334797 0.8333337086334797 0.8333337086334797 0.8333337086334797 0.8333337086334797 0.8333337086334797 0.7142858061959246 0.5833333333333334 0.8333337086334797            
  0.6562499859262445 0.6562499859262445 0.6562499859262445 0.6562499859262445 0.6562499859262445 0.6562499859262445 0.6562499859262445 0.5624998069885582 0.4947916713579079 0.6562499859262445            
  0.6666666666666667 0.6666666666666667 0.6666666666666667 0.6666666666666667 0.6666666666666667 0.6666666666666667 0.6666666666666667 0.5714283876081507 0.5 0.6666666666666667            
  0.4999996246998537 0.4999996246998537 0.4999996246998537 0.4999996246998537 0.4999996246998537 0.4999996246998537 0.4999996246998537 0.4285709690203768 0.2500003752993012 0.4999996246998537            
  0.6666666666666667 0.6666666666666667 0.6666666666666667 0.6666666666666667 0.6666666666666667 0.6666666666666667 0.6666666666666667 0.5714283876081507 0.5 0.6666666666666667            
  0.6249999437049781 0.6249999437049781 0.6249999437049781 0.6249999437049781 0.6249999437049781 0.6249999437049781 0.6249999437049781 0.5357140651297808 0.47916668543163166 0.6249999437049781            
  0.6666666666666667 0.6666666666666667 0.6666666666666667 0.6666666666666667 0.6666666666666667 0.6666666666666667 0.6666666666666667 0.5714283876081507 0.5 0.6666666666666667            
  0.6666666666666667 0.6666666666666667 0.6666666666666667 0.6666666666666667 0.6666666666666667 0.6666666666666667 0.6666666666666667 0.5714283876081507 0.5 0.6666666666666667            
  0.4999996246998537 0.4999996246998537 0.4999996246998537 0.4999996246998537 0.4999996246998537 0.4999996246998537 0.4999996246998537 0.4285709690203768 0.4166666666666667 0.4999996246998537            
  0.8333337086334797 0.8333337086334797 0.8333337086334797 0.8333337086334797 0.8333337086334797 0.8333337086334797 0.8333337086334797 0.7142858061959246 0.7499996247006988 0.8333337086334797            
  0.8333337086334797 0.8333337086334797 0.8333337086334797 0.8333337086334797 0.8333337086334797 0.8333337086334797 0.8333337086334797 0.7142858061959246 0.5833333333333334 0.8333337086334797            
  0.4999996246998537 0.4999996246998537 0.4999996246998537 0.4999996246998537 0.4999996246998537 0.4999996246998537 0.4999996246998537 0.4285709690203768 0.4166666666666667 0.4999996246998537            
  0.6666666666666667 0.6666666666666667 0.6666666666666667 0.6666666666666667 0.6666666666666667 0.6666666666666667 0.6666666666666667 0.5714283876081507 0.5 0.6666666666666667            
  0.33333333333333337 0.33333333333333337 0.33333333333333337 0.33333333333333337 0.33333333333333337 0.33333333333333337 0.33333333333333337 0.28571419380407537 0.3333337086326345 0.33333333333333337            
  0.7499998123499269 0.7499998123499269 0.7499998123499269 0.7499998123499269 0.7499998123499269 0.7499998123499269 0.7499998123499269 0.6428567752163014 0.6249998123503494 0.7499998123499269            
  0.6666666666666667 0.6666666666666667 0.6666666666666667 0.6666666666666667 0.6666666666666667 0.6666666666666667 0.6666666666666667 0.5714283876081507 0.5 0.6666666666666667            
  0.7499998123499269 0.7499998123499269 0.7499998123499269 0.7499998123499269 0.7499998123499269 0.7499998123499269 0.7499998123499269 0.7857141938040754 0.6249998123503494 0.7499998123499269            
  0.5833335209834065 0.5833335209834065 0.5833335209834065 0.5833335209834065 0.5833335209834065 0.5833335209834065 0.5833335209834065 0.3571425814122261 0.3750001876496506 0.5833335209834065            
  0.4999996246998537 0.4999996246998537 0.4999996246998537 0.4999996246998537 0.4999996246998537 0.4999996246998537 0.4999996246998537 0.14285677521630147 0.2500003752993012 0.4999996246998537            
  0.6666666666666667 0.6666666666666667 0.6666666666666667 0.6666666666666667 0.6666666666666667 0.6666666666666667 0.6666666666666667 0.5714283876081507 0.5 0.6666666666666667            
  0.8333337086334797 0.8333337086334797 0.8333337086334797 0.8333337086334797 0.8333337086334797 0.8333337086334797 0.8333337086334797 0.7142858061959246 0.5833333333333334 0.8333337086334797            
  0.8333337086334797 0.8333337086334797 0.8333337086334797 0.8333337086334797 0.8333337086334797 0.8333337086334797 0.8333337086334797 0.7142858061959246 0.7499996247006988 0.8333337086334797            
  0.5833335209834065 0.5833335209834065 0.5833335209834065 0.5833335209834065 0.5833335209834065 0.5833335209834065 0.5833335209834065 0.5 0.4583335209829839 0.5833335209834065            
  0.6666666666666667 0.6666666666666667 0.6666666666666667 0.6666666666666667 0.6666666666666667 0.6666666666666667 0.6666666666666667 0.5714283876081507 0.5 0.6666666666666667            
  0.4999996246998537 0.4999996246998537 0.4999996246998537 0.4999996246998537 0.4999996246998537 0.4999996246998537 0.4999996246998537 0.4285709690203768 0.4166666666666667 0.4999996246998537            
  0.4999996246998537 0.4999996246998537 0.4999996246998537 0.4999996246998537 0.4999996246998537 0.4999996246998537 0.4999996246998537 0.4285709690203768 0.4166666666666667 0.4999996246998537            
  0.33333333333333337 0.33333333333333337 0.33333333333333337 0.33333333333333337 0.33333333333333337 0.33333333333333337 0.33333333333333337 0.28571419380407537 0.3333337086326345 0.33333333333333337            
  0.5833335209834065 0.5833335209834065 0.5833335209834065 0.5833335209834065 0.5833335209834065 0.5833335209834065 0.5833335209834065 0.5 0.4583335209829839 0.5833335209834065            
  0.4999996246998537 0.4999996246998537 0.4999996246998537 0.4999996246998537 0.4999996246998537 0.4999996246998537 0.4999996246998537 0.4285709690203768 0.4166666666666667 0.4999996246998537            
  0.6666666666666667 0.6666666666666667 0.6666666666666667 0.6666666666666667 0.6666666666666667 0.6666666666666667 0.6666666666666667 0.5714283876081507 0.5 0.6666666666666667            
  0.6666666666666667 0.6666666666666667 0.6666666666666667 0.6666666666666667 0.6666666666666667 0.6666666666666667 0.6666666666666667 0.5714283876081507 0.5 0.6666666666666667            
  0.6666666666666667 0.6666666666666667 0.6666666666666667 0.6666666666666667 0.6666666666666667 0.6666666666666667 0.6666666666666667 0.5714283876081507 0.5 0.6666666666666667            
  1.0 1.0 1.0 1.0 1.0 1.0 1.0 0.857142581412226 1.0 1.0            
  1.0 1.0 1.0 1.0 1.0 1.0 1.0 0.857142581412226 0.6666662913673655 1.0            
  0.6666666666666667 0.6666666666666667 0.6666666666666667 0.6666666666666667 0.6666666666666667 0.6666666666666667 0.6666666666666667 0.5714283876081507 0.5 0.6666666666666667            
  0.6666666666666667 0.6666666666666667 0.6666666666666667 0.6666666666666667 0.6666666666666667 0.6666666666666667 0.6666666666666667 0.5714283876081507 0.5 0.6666666666666667            
  0.4999996246998537 0.4999996246998537 0.4999996246998537 0.4999996246998537 0.4999996246998537 0.4999996246998537 0.4999996246998537 0.4285709690203768 0.4166666666666667 0.4999996246998537            
  0.6666666666666667 0.6666666666666667 0.6666666666666667 0.6666666666666667 0.6666666666666667 0.6666666666666667 0.6666666666666667 0.5714283876081507 0.5 0.6666666666666667            
  0.6666666666666667 0.6666666666666667 0.6666666666666667 0.6666666666666667 0.6666666666666667 0.6666666666666667 0.6666666666666667 0.5714283876081507 0.5 0.6666666666666667            
  0.8333337086334797 0.8333337086334797 0.8333337086334797 0.8333337086334797 0.8333337086334797 0.8333337086334797 0.8333337086334797 0.7142858061959246 0.7499996247006988 0.8333337086334797            
  0.7499998123499269 0.7499998123499269 0.7499998123499269 0.7499998123499269 0.7499998123499269 0.7499998123499269 0.7499998123499269 0.7857141938040754 0.6249998123503494 0.7499998123499269            
  0.4999996246998537 0.4999996246998537 0.4999996246998537 0.4999996246998537 0.4999996246998537 0.4999996246998537 0.4999996246998537 0.4285709690203768 0.2500003752993012 0.4999996246998537            
  0.6666666666666667 0.6666666666666667 0.6666666666666667 0.6666666666666667 0.6666666666666667 0.6666666666666667 0.6666666666666667 0.7142858061959246 0.5833333333333334 0.6666666666666667            
  0.6666666666666667 0.6666666666666667 0.6666666666666667 0.6666666666666667 0.6666666666666667 0.6666666666666667 0.6666666666666667 0.7142858061959246 0.5833333333333334 0.6666666666666667            
  0.7499998123499269 0.7499998123499269 0.7499998123499269 0.7499998123499269 0.7499998123499269 0.7499998123499269 0.7499998123499269 0.6428567752163014 0.5416664790170161 0.7499998123499269            
  0.4999996246998537 0.4999996246998537 0.4999996246998537 0.4999996246998537 0.4999996246998537 0.4999996246998537 0.4999996246998537 0.4285709690203768 0.4166666666666667 0.4999996246998537            
  1.0 1.0 1.0 1.0 1.0 1.0 1.0 0.857142581412226 1.0 1.0            
  0.7499998123499269 0.7499998123499269 0.7499998123499269 0.7499998123499269 0.7499998123499269 0.7499998123499269 0.7499998123499269 0.6428567752163014 0.5416664790170161 0.7499998123499269            
  0.6666666666666667 0.6666666666666667 0.6666666666666667 0.6666666666666667 0.6666666666666667 0.6666666666666667 0.6666666666666667 0.5714283876081507 0.5 0.6666666666666667            
  0.8333337086334797 0.8333337086334797 0.8333337086334797 0.8333337086334797 0.8333337086334797 0.8333337086334797 0.8333337086334797 0.7142858061959246 0.5833333333333334 0.8333337086334797            
  0.8333337086334797 0.8333337086334797 0.8333337086334797 0.8333337086334797 0.8333337086334797 0.8333337086334797 0.8333337086334797 0.7142858061959246 0.5833333333333334 0.8333337086334797            
  0.4999996246998537 0.4999996246998537 0.4999996246998537 0.4999996246998537 0.4999996246998537 0.4999996246998537 0.4999996246998537 0.4285709690203768 0.4166666666666667 0.4999996246998537            
  0.33333333333333337 0.33333333333333337 0.33333333333333337 0.33333333333333337 0.33333333333333337 0.33333333333333337 0.33333333333333337 0.28571419380407537 0.3333337086326345 0.33333333333333337            
  0.33333333333333337 0.33333333333333337 0.33333333333333337 0.33333333333333337 0.33333333333333337 0.33333333333333337 0.33333333333333337 0.28571419380407537 0.3333337086326345 0.33333333333333337            
  0.6666666666666667 0.6666666666666667 0.6666666666666667 0.6666666666666667 0.6666666666666667 0.6666666666666667 0.6666666666666667 0.5714283876081507 0.5 0.6666666666666667            
  0.8333337086334797 0.8333337086334797 0.8333337086334797 0.8333337086334797 0.8333337086334797 0.8333337086334797 0.8333337086334797 0.7142858061959246 0.5833333333333334 0.8333337086334797            
  0.7499998123499269 0.7499998123499269 0.7499998123499269 0.7499998123499269 0.7499998123499269 0.7499998123499269 0.7499998123499269 0.6428567752163014 0.5416664790170161 0.7499998123499269            
  0.6666666666666667 0.6666666666666667 0.6666666666666667 0.6666666666666667 0.6666666666666667 0.6666666666666667 0.6666666666666667 0.7142858061959246 0.5833333333333334 0.6666666666666667            
  0.4999996246998537 0.4999996246998537 0.4999996246998537 0.4999996246998537 0.4999996246998537 0.4999996246998537 0.4999996246998537 0.4285709690203768 0.4166666666666667 0.4999996246998537            
  0.6666666666666667 0.6666666666666667 0.6666666666666667 0.6666666666666667 0.6666666666666667 0.6666666666666667 0.6666666666666667 0.5714283876081507 0.5 0.6666666666666667            
  0.6666666666666667 0.6666666666666667 0.6666666666666667 0.6666666666666667 0.6666666666666667 0.6666666666666667 0.6666666666666667 0.5714283876081507 0.5 0.6666666666666667            
  0.8333337086334797 0.8333337086334797 0.8333337086334797 0.8333337086334797 0.8333337086334797 0.8333337086334797 0.8333337086334797 0.7142858061959246 0.7499996247006988 0.8333337086334797            
  0.33333333333333337 0.33333333333333337 0.33333333333333337 0.33333333333333337 0.33333333333333337 0.33333333333333337 0.33333333333333337 0.28571419380407537 0.0 0.33333333333333337            
  0.7499998123499269 0.7499998123499269 0.7499998123499269 0.7499998123499269 0.7499998123499269 0.7499998123499269 0.7499998123499269 0.7857141938040754 0.6249998123503494 0.7499998123499269            
  0.4999996246998537 0.4999996246998537 0.4999996246998537 0.4999996246998537 0.4999996246998537 0.4999996246998537 0.4999996246998537 0.4285709690203768 0.2500003752993012 0.4999996246998537            
  0.6666666666666667 0.6666666666666667 0.6666666666666667 0.6666666666666667 0.6666666666666667 0.6666666666666667 0.6666666666666667 0.5714283876081507 0.5 0.6666666666666667            
  0.7499998123499269 0.7499998123499269 0.7499998123499269 0.7499998123499269 0.7499998123499269 0.7499998123499269 0.7499998123499269 0.6428567752163014 0.5416664790170161 0.7499998123499269            
  0.6666666666666667 0.6666666666666667 0.6666666666666667 0.6666666666666667 0.6666666666666667 0.6666666666666667 0.6666666666666667 0.5714283876081507 0.5 0.6666666666666667            
  0.6666666666666667 0.6666666666666667 0.6666666666666667 0.6666666666666667 0.6666666666666667 0.6666666666666667 0.6666666666666667 0.7142858061959246 0.5833333333333334 0.6666666666666667            
  0.8333337086334797 0.8333337086334797 0.8333337086334797 0.8333337086334797 0.8333337086334797 0.8333337086334797 0.8333337086334797 0.7142858061959246 0.7499996247006988 0.8333337086334797            
  0.6666666666666667 0.6666666666666667 0.6666666666666667 0.6666666666666667 0.6666666666666667 0.6666666666666667 0.6666666666666667 0.5714283876081507 0.5 0.6666666666666667            
  0.8333337086334797 0.8333337086334797 0.8333337086334797 0.8333337086334797 0.8333337086334797 0.8333337086334797 0.8333337086334797 0.7142858061959246 0.7499996247006988 0.8333337086334797            
  0.33333333333333337 0.33333333333333337 0.33333333333333337 0.33333333333333337 0.33333333333333337 0.33333333333333337 0.33333333333333337 0.28571419380407537 0.0 0.33333333333333337            
  0.6666666666666667 0.6666666666666667 0.6666666666666667 0.6666666666666667 0.6666666666666667 0.6666666666666667 0.6666666666666667 0.28571419380407537 0.3333337086326345 0.6666666666666667            
  0.6666666666666667 0.6666666666666667 0.6666666666666667 0.6666666666666667 0.6666666666666667 0.6666666666666667 0.6666666666666667 0.5714283876081507 0.5 0.6666666666666667            
  0.8333337086334797 0.8333337086334797 0.8333337086334797 0.8333337086334797 0.8333337086334797 0.8333337086334797 0.8333337086334797 0.7142858061959246 0.5833333333333334 0.8333337086334797            
  0.7499998123499269 0.7499998123499269 0.7499998123499269 0.7499998123499269 0.7499998123499269 0.7499998123499269 0.7499998123499269 0.6428567752163014 0.5416664790170161 0.7499998123499269            
  0.7499998123499269 0.7499998123499269 0.7499998123499269 0.7499998123499269 0.7499998123499269 0.7499998123499269 0.7499998123499269 0.7857141938040754 0.6249998123503494 0.7499998123499269            
  0.6666666666666667 0.6666666666666667 0.6666666666666667 0.6666666666666667 0.6666666666666667 0.6666666666666667 0.6666666666666667 0.5714283876081507 0.5 0.6666666666666667            
  0.8333337086334797 0.8333337086334797 0.8333337086334797 0.8333337086334797 0.8333337086334797 0.8333337086334797 0.8333337086334797 0.7142858061959246 0.5833333333333334 0.8333337086334797            
  0.6562499859262445 0.6562499859262445 0.6562499859262445 0.6562499859262445 0.6562499859262445 0.6562499859262445 0.6562499859262445 0.5624998069885582 0.4947916713579079 0.6562499859262445            
  0.6666666666666667 0.6666666666666667 0.6666666666666667 0.6666666666666667 0.6666666666666667 0.6666666666666667 0.6666666666666667 0.5714283876081507 0.5 0.6666666666666667            
  0.6666666666666667 0.6666666666666667 0.6666666666666667 0.6666666666666667 0.6666666666666667 0.6666666666666667 0.6666666666666667 0.5714283876081507 0.5 0.6666666666666667            
  0.4999996246998537 0.4999996246998537 0.4999996246998537 0.4999996246998537 0.4999996246998537 0.4999996246998537 0.4999996246998537 0.4285709690203768 0.4166666666666667 0.4999996246998537            
  0.6666666666666667 0.6666666666666667 0.6666666666666667 0.6666666666666667 0.6666666666666667 0.6666666666666667 0.6666666666666667 0.5714283876081507 0.5 0.6666666666666667            
  0.6666666666666667 0.6666666666666667 0.6666666666666667 0.6666666666666667 0.6666666666666667 0.6666666666666667 0.6666666666666667 0.5714283876081507 0.5 0.6666666666666667            
  0.4999996246998537 0.4999996246998537 0.4999996246998537 0.4999996246998537 0.4999996246998537 0.4999996246998537 0.4999996246998537 0.4285709690203768 0.4166666666666667 0.4999996246998537            
