  0.5 0.5 0.5 0.5 0.5 0.5 0.5 0.5 0.5 0.5            
  0.5 0.5 0.5 0.5 0.5 0.5 0.5 0.5 0.5 0.5            
  0.7500005629502194 0.7500005629502194 0.7500005629502194 0.7500005629502194 0.7500005629502194 0.7500005629502194 0.7500005629502194 0.6666669168665763 0.5833333333333334 0.7500005629502194            
  0.5 0.5 0.5 0.5 0.5 0.5 0.5 0.5 0.5 0.5            
  0.4374999155574671 0.4374999155574671 0.4374999155574671 0.4374999155574671 0.4374999155574671 0.4374999155574671 0.4374999155574671 0.37500037529986463 0.4375002814744759 0.4374999155574671            
  0.7500005629502194 0.7500005629502194 0.7500005629502194 0.7500005629502194 0.7500005629502194 0.7500005629502194 0.7500005629502194 0.6666669168665763 0.5833333333333334 0.7500005629502194            
  0.6249997185248902 0.6249997185248902 0.6249997185248902 0.6249997185248902 0.6249997185248902 0.6249997185248902 0.6249997185248902 0.5833330831334237 0.5416664790170161 0.6249997185248902            
  0.5 0.5 0.5 0.5 0.5 0.5 0.5 0.5 0.5 0.5            
  0.5 0.5 0.5 0.5 0.5 0.5 0.5 0.5 0.5 0.5            
  0.5 0.5 0.5 0.5 0.5 0.5 0.5 0.5 0.5 0.5            
  0.7500005629502194 0.7500005629502194 0.7500005629502194 0.7500005629502194 0.7500005629502194 0.7500005629502194 0.7500005629502194 0.6666669168665763 0.5833333333333334 0.7500005629502194            
  0.7500005629502194 0.7500005629502194 0.7500005629502194 0.7500005629502194 0.7500005629502194 0.7500005629502194 0.7500005629502194 0.6666669168665763 0.7499996247006988 0.7500005629502194            
  0.6249997185248902 0.6249997185248902 0.6249997185248902 0.6249997185248902 0.6249997185248902 0.6249997185248902 0.6249997185248902 0.5833330831334237 0.5416664790170161 0.6249997185248902            
  0.7500005629502194 0.7500005629502194 0.7500005629502194 0.7500005629502194 0.7500005629502194 0.7500005629502194 0.7500005629502194 0.6666669168665763 0.7499996247006988 0.7500005629502194            
  0.5 0.5 0.5 0.5 0.5 0.5 0.5 0.5 0.5 0.5            
  0.5 0.5 0.5 0.5 0.5 0.5 0.5 0.5 0.5 0.5            
  0.5 0.5 0.5 0.5 0.5 0.5 0.5 0.5 0.5 0.5            
  0.24999943704978056 0.24999943704978056 0.24999943704978056 0.24999943704978056 0.24999943704978056 0.24999943704978056 0.24999943704978056 0.3333330831334236 0.2500003752993012 0.24999943704978056            
  0.5 0.5 0.5 0.5 0.5 0.5 0.5 0.5 0.5 0.5            
  0.24999943704978056 0.24999943704978056 0.24999943704978056 0.24999943704978056 0.24999943704978056 0.24999943704978056 0.24999943704978056 0.3333330831334236 0.4166666666666667 0.24999943704978056            
  0.6249997185248902 0.6249997185248902 0.6249997185248902 0.6249997185248902 0.6249997185248902 0.6249997185248902 0.6249997185248902 0.75 0.6249998123503494 0.6249997185248902            
  0.7500005629502194 0.7500005629502194 0.7500005629502194 0.7500005629502194 0.7500005629502194 0.7500005629502194 0.7500005629502194 0.6666669168665763 0.5833333333333334 0.7500005629502194            
  0.6249997185248902 0.6249997185248902 0.6249997185248902 0.6249997185248902 0.6249997185248902 0.6249997185248902 0.6249997185248902 0.5833330831334237 0.5416664790170161 0.6249997185248902            
  0.5 0.5 0.5 0.5 0.5 0.5 0.5 0.5 0.5 0.5            
  1.0 1.0 1.0 1.0 1.0 1.0 1.0 0.8333330831334237 1.0 1.0            
  0.24999943704978056 0.24999943704978056 0.24999943704978056 0.24999943704978056 0.24999943704978056 0.24999943704978056 0.24999943704978056 0.3333330831334236 0.4166666666666667 0.24999943704978056            
  0.5 0.5 0.5 0.5 0.5 0.5 0.5 0.5 0.5 0.5            
  0.5625000844425329 0.5625000844425329 0.5625000844425329 0.5625000844425329 0.5625000844425329 0.5625000844425329 0.5625000844425329 0.5416666916866576 0.5208333145683683 0.5625000844425329            
  0.5 0.5 0.5 0.5 0.5 0.5 0.5 0.5 0.5 0.5            
  0.7500005629502194 0.7500005629502194 0.7500005629502194 0.7500005629502194 0.7500005629502194 0.7500005629502194 0.7500005629502194 0.6666669168665763 0.5833333333333334 0.7500005629502194            
  0.24999943704978056 0.24999943704978056 0.24999943704978056 0.24999943704978056 0.24999943704978056 0.24999943704978056 0.24999943704978056 0.0 0.2500003752993012 0.24999943704978056            
  0.5312500422212665 0.5312500422212665 0.5312500422212665 0.5312500422212665 0.5312500422212665 0.5312500422212665 0.5312500422212665 0.5208333458433289 0.5104166572841842 0.5312500422212665            
  0.5 0.5 0.5 0.5 0.5 0.5 0.5 0.5 0.5 0.5            
  0.24999943704978056 0.24999943704978056 0.24999943704978056 0.24999943704978056 0.24999943704978056 0.24999943704978056 0.24999943704978056 0.3333330831334236 0.2500003752993012 0.24999943704978056            
  0.24999943704978056 0.24999943704978056 0.24999943704978056 0.24999943704978056 0.24999943704978056 0.24999943704978056 0.24999943704978056 0.3333330831334236 0.4166666666666667 0.24999943704978056            
  0.24999943704978056 0.24999943704978056 0.24999943704978056 0.24999943704978056 0.24999943704978056 0.24999943704978056 0.24999943704978056 0.3333330831334236 0.4166666666666667 0.24999943704978056            
  0.5 0.5 0.5 0.5 0.5 0.5 0.5 0.3333330831334236 0.4166666666666667 0.5            
  0.24999943704978056 0.24999943704978056 0.24999943704978056 0.24999943704978056 0.24999943704978056 0.24999943704978056 0.24999943704978056 0.0 0.2500003752993012 0.24999943704978056            
  0.5 0.5 0.5 0.5 0.5 0.5 0.5 0.3333330831334236 0.4166666666666667 0.5            
  0.7500005629502194 0.7500005629502194 0.7500005629502194 0.7500005629502194 0.7500005629502194 0.7500005629502194 0.7500005629502194 0.6666669168665763 0.5833333333333334 0.7500005629502194            
  0.3750002814751097 0.3750002814751097 0.3750002814751097 0.3750002814751097 0.3750002814751097 0.3750002814751097 0.3750002814751097 0.4166669168665764 0.4583335209829839 0.3750002814751097            
  0.5 0.5 0.5 0.5 0.5 0.5 0.5 0.5 0.5 0.5            
  0.6249997185248902 0.6249997185248902 0.6249997185248902 0.6249997185248902 0.6249997185248902 0.6249997185248902 0.6249997185248902 0.5833330831334237 0.5416664790170161 0.6249997185248902            
  0.3750002814751097 0.3750002814751097 0.3750002814751097 0.3750002814751097 0.3750002814751097 0.3750002814751097 0.3750002814751097 0.4166669168665764 0.4583335209829839 0.3750002814751097            
  0.6249997185248902 0.6249997185248902 0.6249997185248902 0.6249997185248902 0.6249997185248902 0.6249997185248902 0.6249997185248902 0.5833330831334237 0.5416664790170161 0.6249997185248902            
  0.0 0.0 0.0 0.0 0.0 0.0 0.0 0.1666669168665764 0.0 0.0            
  0.24999943704978056 0.24999943704978056 0.24999943704978056 0.24999943704978056 0.24999943704978056 0.24999943704978056 0.24999943704978056 0.0 0.2500003752993012 0.24999943704978056            
  0.5 0.5 0.5 0.5 0.5 0.5 0.5 0.5 0.5 0.5            
  0.5 0.5 0.5 0.5 0.5 0.5 0.5 0.5 0.5 0.5            
  0.24999943704978056 0.24999943704978056 0.24999943704978056 0.24999943704978056 0.24999943704978056 0.24999943704978056 0.24999943704978056 0.3333330831334236 0.2500003752993012 0.24999943704978056            
  0.5 0.5 0.5 0.5 0.5 0.5 0.5 0.5 0.5 0.5            
  0.5 0.5 0.5 0.5 0.5 0.5 0.5 0.5 0.5 0.5            
  0.7500005629502194 0.7500005629502194 0.7500005629502194 0.7500005629502194 0.7500005629502194 0.7500005629502194 0.7500005629502194 0.6666669168665763 0.5833333333333334 0.7500005629502194            
  0.24999943704978056 0.24999943704978056 0.24999943704978056 0.24999943704978056 0.24999943704978056 0.24999943704978056 0.24999943704978056 0.3333330831334236 0.2500003752993012 0.24999943704978056            
  0.24999943704978056 0.24999943704978056 0.24999943704978056 0.24999943704978056 0.24999943704978056 0.24999943704978056 0.24999943704978056 0.3333330831334236 0.2500003752993012 0.24999943704978056            
  0.5 0.5 0.5 0.5 0.5 0.5 0.5 0.5 0.5 0.5            
  0.24999943704978056 0.24999943704978056 0.24999943704978056 0.24999943704978056 0.24999943704978056 0.24999943704978056 0.24999943704978056 0.0 0.2500003752993012 0.24999943704978056            
  0.7500005629502194 0.7500005629502194 0.7500005629502194 0.7500005629502194 0.7500005629502194 0.7500005629502194 0.7500005629502194 0.6666669168665763 0.5833333333333334 0.7500005629502194            
  0.6249997185248902 0.6249997185248902 0.6249997185248902 0.6249997185248902 0.6249997185248902 0.6249997185248902 0.6249997185248902 0.75 0.6249998123503494 0.6249997185248902            
  0.6249997185248902 0.6249997185248902 0.6249997185248902 0.6249997185248902 0.6249997185248902 0.6249997185248902 0.6249997185248902 0.5833330831334237 0.5416664790170161 0.6249997185248902            
  0.24999943704978056 0.24999943704978056 0.24999943704978056 0.24999943704978056 0.24999943704978056 0.24999943704978056 0.24999943704978056 0.0 0.2500003752993012 0.24999943704978056            
  0.5 0.5 0.5 0.5 0.5 0.5 0.5 0.5 0.5 0.5            
  0.7500005629502194 0.7500005629502194 0.7500005629502194 0.7500005629502194 0.7500005629502194 0.7500005629502194 0.7500005629502194 0.6666669168665763 0.7499996247006988 0.7500005629502194            
  0.24999943704978056 0.24999943704978056 0.24999943704978056 0.24999943704978056 0.24999943704978056 0.24999943704978056 0.24999943704978056 0.0 0.2500003752993012 0.24999943704978056            
  0.5 0.5 0.5 0.5 0.5 0.5 0.5 0.5 0.5 0.5            
  0.5 0.5 0.5 0.5 0.5 0.5 0.5 0.5 0.5 0.5            
  0.4374999155574671 0.4374999155574671 0.4374999155574671 0.4374999155574671 0.4374999155574671 0.4374999155574671 0.4374999155574671 0.45833330831334235 0.47916668543163166 0.4374999155574671            
  0.24999943704978056 0.24999943704978056 0.24999943704978056 0.24999943704978056 0.24999943704978056 0.24999943704978056 0.24999943704978056 0.3333330831334236 0.2500003752993012 0.24999943704978056            
  0.3750002814751097 0.3750002814751097 0.3750002814751097 0.3750002814751097 0.3750002814751097 0.3750002814751097 0.3750002814751097 0.4166669168665764 0.3750001876496506 0.3750002814751097            
  0.7500005629502194 0.7500005629502194 0.7500005629502194 0.7500005629502194 0.7500005629502194 0.7500005629502194 0.7500005629502194 0.6666669168665763 0.5833333333333334 0.7500005629502194            
  0.5 0.5 0.5 0.5 0.5 0.5 0.5 0.5 0.5 0.5            
  0.5 0.5 0.5 0.5 0.5 0.5 0.5 0.5 0.5 0.5            
  0.6249997185248902 0.6249997185248902 0.6249997185248902 0.6249997185248902 0.6249997185248902 0.6249997185248902 0.6249997185248902 0.5833330831334237 0.6249998123503494 0.6249997185248902            
  0.5 0.5 0.5 0.5 0.5 0.5 0.5 0.5 0.5 0.5            
  0.5 0.5 0.5 0.5 0.5 0.5 0.5 0.5 0.5 0.5            
  0.24999943704978056 0.24999943704978056 0.24999943704978056 0.24999943704978056 0.24999943704978056 0.24999943704978056 0.24999943704978056 0.3333330831334236 0.4166666666666667 0.24999943704978056            
  0.7500005629502194 0.7500005629502194 0.7500005629502194 0.7500005629502194 0.7500005629502194 0.7500005629502194 0.7500005629502194 0.6666669168665763 0.5833333333333334 0.7500005629502194            
  0.3750002814751097 0.3750002814751097 0.3750002814751097 0.3750002814751097 0.3750002814751097 0.3750002814751097 0.3750002814751097 0.4166669168665764 0.4583335209829839 0.3750002814751097            
  0.5 0.5 0.5 0.5 0.5 0.5 0.5 0.5 0.5 0.5            
  0.5 0.5 0.5 0.5 0.5 0.5 0.5 0.5 0.5 0.5            
  1.0 1.0 1.0 1.0 1.0 1.0 1.0 0.8333330831334237 0.6666662913673655 1.0            
  0.5 0.5 0.5 0.5 0.5 0.5 0.5 0.5 0.5 0.5            
  0.24999943704978056 0.24999943704978056 0.24999943704978056 0.24999943704978056 0.24999943704978056 0.24999943704978056 0.24999943704978056 0.3333330831334236 0.4166666666666667 0.24999943704978056            
  0.7500005629502194 0.7500005629502194 0.7500005629502194 0.7500005629502194 0.7500005629502194 0.7500005629502194 0.7500005629502194 0.6666669168665763 0.5833333333333334 0.7500005629502194            
  0.7500005629502194 0.7500005629502194 0.7500005629502194 0.7500005629502194 0.7500005629502194 0.7500005629502194 0.7500005629502194 1.0 0.7499996247006988 0.7500005629502194            
  0.24999943704978056 0.24999943704978056 0.24999943704978056 0.24999943704978056 0.24999943704978056 0.24999943704978056 0.24999943704978056 0.3333330831334236 0.2500003752993012 0.24999943704978056            
  0.7500005629502194 0.7500005629502194 0.7500005629502194 0.7500005629502194 0.7500005629502194 0.7500005629502194 0.7500005629502194 0.6666669168665763 0.5833333333333334 0.7500005629502194            
  0.5 0.5 0.5 0.5 0.5 0.5 0.5 0.5 0.5 0.5            
  0.7500005629502194 0.7500005629502194 0.7500005629502194 0.7500005629502194 0.7500005629502194 0.7500005629502194 0.7500005629502194 0.6666669168665763 0.7499996247006988 0.7500005629502194            
  0.24999943704978056 0.24999943704978056 0.24999943704978056 0.24999943704978056 0.24999943704978056 0.24999943704978056 0.24999943704978056 0.3333330831334236 0.2500003752993012 0.24999943704978056            
  0.5 0.5 0.5 0.5 0.5 0.5 0.5 0.5 0.5 0.5            
  0.7500005629502194 0.7500005629502194 0.7500005629502194 0.7500005629502194 0.7500005629502194 0.7500005629502194 0.7500005629502194 0.6666669168665763 0.5833333333333334 0.7500005629502194            
  0.5 0.5 0.5 0.5 0.5 0.5 0.5 0.5 0.5 0.5            
  0.5 0.5 0.5 0.5 0.5 0.5 0.5 0.8333330831334237 0.6666662913673655 0.5            
  0.5 0.5 0.5 0.5 0.5 0.5 0.5 0.5 0.5 0.5            
  0.7500005629502194 0.7500005629502194 0.7500005629502194 0.7500005629502194 0.7500005629502194 0.7500005629502194 0.7500005629502194 0.6666669168665763 0.5833333333333334 0.7500005629502194            
  0.7500005629502194 0.7500005629502194 0.7500005629502194 0.7500005629502194 0.7500005629502194 0.7500005629502194 0.7500005629502194 0.6666669168665763 0.5833333333333334 0.7500005629502194            
  0.24999943704978056 0.24999943704978056 0.24999943704978056 0.24999943704978056 0.24999943704978056 0.24999943704978056 0.24999943704978056 0.3333330831334236 0.4166666666666667 0.24999943704978056            
  0.5 0.5 0.5 0.5 0.5 0.5 0.5 0.5 0.5 0.5            
  1.0 1.0 1.0 1.0 1.0 1.0 1.0 0.8333330831334237 0.6666662913673655 1.0            
  0.5 0.5 0.5 0.5 0.5 0.5 0.5 0.5 0.5 0.5            
  0.5 0.5 0.5 0.5 0.5 0.5 0.5 0.5 0.5 0.5            
  0.24999943704978056 0.24999943704978056 0.24999943704978056 0.24999943704978056 0.24999943704978056 0.24999943704978056 0.24999943704978056 0.3333330831334236 0.2500003752993012 0.24999943704978056            
  0.5 0.5 0.5 0.5 0.5 0.5 0.5 0.5 0.5 0.5            
  0.24999943704978056 0.24999943704978056 0.24999943704978056 0.24999943704978056 0.24999943704978056 0.24999943704978056 0.24999943704978056 0.3333330831334236 0.4166666666666667 0.24999943704978056            
  0.5 0.5 0.5 0.5 0.5 0.5 0.5 0.5 0.5 0.5            
  0.5 0.5 0.5 0.5 0.5 0.5 0.5 0.5 0.5 0.5            
  0.24999943704978056 0.24999943704978056 0.24999943704978056 0.24999943704978056 0.24999943704978056 0.24999943704978056 0.24999943704978056 0.3333330831334236 0.2500003752993012 0.24999943704978056            
  0.24999943704978056 0.24999943704978056 0.24999943704978056 0.24999943704978056 0.24999943704978056 0.24999943704978056 0.24999943704978056 0.3333330831334236 0.4166666666666667 0.24999943704978056            
  0.5 0.5 0.5 0.5 0.5 0.5 0.5 0.5 0.5 0.5            
  0.24999943704978056 0.24999943704978056 0.24999943704978056 0.24999943704978056 0.24999943704978056 0.24999943704978056 0.24999943704978056 0.0 0.2500003752993012 0.24999943704978056            
  0.5 0.5 0.5 0.5 0.5 0.5 0.5 0.5 0.5 0.5            
  0.3750002814751097 0.3750002814751097 0.3750002814751097 0.3750002814751097 0.3750002814751097 0.3750002814751097 0.3750002814751097 0.4166669168665764 0.3750001876496506 0.3750002814751097            
  0.7500005629502194 0.7500005629502194 0.7500005629502194 0.7500005629502194 0.7500005629502194 0.7500005629502194 0.7500005629502194 0.6666669168665763 0.5833333333333334 0.7500005629502194            
  0.7500005629502194 0.7500005629502194 0.7500005629502194 0.7500005629502194 0.7500005629502194 0.7500005629502194 0.7500005629502194 0.6666669168665763 0.5833333333333334 0.7500005629502194            
  0.5 0.5 0.5 0.5 0.5 0.5 0.5 0.5 0.5 0.5            
  0.3750002814751097 0.3750002814751097 0.3750002814751097 0.3750002814751097 0.3750002814751097 0.3750002814751097 0.3750002814751097 0.4166669168665764 0.4583335209829839 0.3750002814751097            
  0.7500005629502194 0.7500005629502194 0.7500005629502194 0.7500005629502194 0.7500005629502194 0.7500005629502194 0.7500005629502194 0.6666669168665763 0.5833333333333334 0.7500005629502194            
  0.5 0.5 0.5 0.5 0.5 0.5 0.5 0.5 0.5 0.5            
  0.5 0.5 0.5 0.5 0.5 0.5 0.5 0.5 0.5 0.5            
  0.7500005629502194 0.7500005629502194 0.7500005629502194 0.7500005629502194 0.7500005629502194 0.7500005629502194 0.7500005629502194 0.6666669168665763 0.5833333333333334 0.7500005629502194            
  0.5 0.5 0.5 0.5 0.5 0.5 0.5 0.5 0.5 0.5            
  0.5 0.5 0.5 0.5 0.5 0.5 0.5 0.5 0.5 0.5            
  0.24999943704978056 0.24999943704978056 0.24999943704978056 0.24999943704978056 0.24999943704978056 0.24999943704978056 0.24999943704978056 0.0 0.2500003752993012 0.24999943704978056            
  0.5 0.5 0.5 0.5 0.5 0.5 0.5 0.5 0.5 0.5            
  0.5 0.5 0.5 0.5 0.5 0.5 0.5 0.5 0.5 0.5            
  0.24999943704978056 0.24999943704978056 0.24999943704978056 0.24999943704978056 0.24999943704978056 0.24999943704978056 0.24999943704978056 0.3333330831334236 0.2500003752993012 0.24999943704978056            
  0.24999943704978056 0.24999943704978056 0.24999943704978056 0.24999943704978056 0.24999943704978056 0.24999943704978056 0.24999943704978056 0.0 0.2500003752993012 0.24999943704978056            
  0.7500005629502194 0.7500005629502194 0.7500005629502194 0.7500005629502194 0.7500005629502194 0.7500005629502194 0.7500005629502194 0.6666669168665763 0.7499996247006988 0.7500005629502194            
  0.5 0.5 0.5 0.5 0.5 0.5 0.5 0.5 0.5 0.5            
  0.24999943704978056 0.24999943704978056 0.24999943704978056 0.24999943704978056 0.24999943704978056 0.24999943704978056 0.24999943704978056 0.3333330831334236 0.4166666666666667 0.24999943704978056            
  0.24999943704978056 0.24999943704978056 0.24999943704978056 0.24999943704978056 0.24999943704978056 0.24999943704978056 0.24999943704978056 0.3333330831334236 0.2500003752993012 0.24999943704978056            
  0.6249997185248902 0.6249997185248902 0.6249997185248902 0.6249997185248902 0.6249997185248902 0.6249997185248902 0.6249997185248902 0.5833330831334237 0.5416664790170161 0.6249997185248902            
  0.3750002814751097 0.3750002814751097 0.3750002814751097 0.3750002814751097 0.3750002814751097 0.3750002814751097 0.3750002814751097 0.4166669168665764 0.4583335209829839 0.3750002814751097            
  0.7500005629502194 0.7500005629502194 0.7500005629502194 0.7500005629502194 0.7500005629502194 0.7500005629502194 0.7500005629502194 1.0 0.7499996247006988 0.7500005629502194            
  0.5 0.5 0.5 0.5 0.5 0.5 0.5 0.5 0.5 0.5            
  0.5 0.5 0.5 0.5 0.5 0.5 0.5 0.5 0.5 0.5            
  0.5 0.5 0.5 0.5 0.5 0.5 0.5 0.5 0.5 0.5            
  0.7500005629502194 0.7500005629502194 0.7500005629502194 0.7500005629502194 0.7500005629502194 0.7500005629502194 0.7500005629502194 0.6666669168665763 0.5833333333333334 0.7500005629502194            
  0.5 0.5 0.5 0.5 0.5 0.5 0.5 0.5 0.5 0.5            
  0.0 0.0 0.0 0.0 0.0 0.0 0.0 0.1666669168665764 0.3333337086326345 0.0            
  0.48437497888936676 0.48437497888936676 0.48437497888936676 0.48437497888936676 0.48437497888936676 0.48437497888936676 0.48437497888936676 0.4895833270783356 0.4947916713579079 0.48437497888936676            
  0.5 0.5 0.5 0.5 0.5 0.5 0.5 0.5 0.5 0.5            
  0.5 0.5 0.5 0.5 0.5 0.5 0.5 0.5 0.5 0.5            
  0.24999943704978056 0.24999943704978056 0.24999943704978056 0.24999943704978056 0.24999943704978056 0.24999943704978056 0.24999943704978056 0.3333330831334236 0.4166666666666667 0.24999943704978056            
  0.7500005629502194 0.7500005629502194 0.7500005629502194 0.7500005629502194 0.7500005629502194 0.7500005629502194 0.7500005629502194 0.6666669168665763 0.7499996247006988 0.7500005629502194            
  0.3750002814751097 0.3750002814751097 0.3750002814751097 0.3750002814751097 0.3750002814751097 0.3750002814751097 0.3750002814751097 0.25 0.3750001876496506 0.3750002814751097            
  0.24999943704978056 0.24999943704978056 0.24999943704978056 0.24999943704978056 0.24999943704978056 0.24999943704978056 0.24999943704978056 0.3333330831334236 0.4166666666666667 0.24999943704978056            
  0.5 0.5 0.5 0.5 0.5 0.5 0.5 0.5 0.5 0.5            
  0.5 0.5 0.5 0.5 0.5 0.5 0.5 0.5 0.5 0.5            
  0.5 0.5 0.5 0.5 0.5 0.5 0.5 0.1666669168665764 0.3333337086326345 0.5            
  0.7500005629502194 0.7500005629502194 0.7500005629502194 0.7500005629502194 0.7500005629502194 0.7500005629502194 0.7500005629502194 1.0 0.7499996247006988 0.7500005629502194            
  0.5 0.5 0.5 0.5 0.5 0.5 0.5 0.5 0.5 0.5            
  0.7500005629502194 0.7500005629502194 0.7500005629502194 0.7500005629502194 0.7500005629502194 0.7500005629502194 0.7500005629502194 0.6666669168665763 0.5833333333333334 0.7500005629502194            
  0.5 0.5 0.5 0.5 0.5 0.5 0.5 0.5 0.5 0.5            
  0.5 0.5 0.5 0.5 0.5 0.5 0.5 0.5 0.5 0.5            
  0.5 0.5 0.5 0.5 0.5 0.5 0.5 0.5 0.5 0.5            
  0.5 0.5 0.5 0.5 0.5 0.5 0.5 0.5 0.5 0.5            
  0.24999943704978056 0.24999943704978056 0.24999943704978056 0.24999943704978056 0.24999943704978056 0.24999943704978056 0.24999943704978056 0.3333330831334236 0.2500003752993012 0.24999943704978056            
  0.3750002814751097 0.3750002814751097 0.3750002814751097 0.3750002814751097 0.3750002814751097 0.3750002814751097 0.3750002814751097 0.4166669168665764 0.3750001876496506 0.3750002814751097            
  0.5 0.5 0.5 0.5 0.5 0.5 0.5 0.5 0.5 0.5            
  0.3750002814751097 0.3750002814751097 0.3750002814751097 0.3750002814751097 0.3750002814751097 0.3750002814751097 0.3750002814751097 0.4166669168665764 0.4583335209829839 0.3750002814751097            
  0.0 0.0 0.0 0.0 0.0 0.0 0.0 0.1666669168665764 0.3333337086326345 0.0            
  0.7500005629502194 0.7500005629502194 0.7500005629502194 0.7500005629502194 0.7500005629502194 0.7500005629502194 0.7500005629502194 0.6666669168665763 0.5833333333333334 0.7500005629502194            
  0.0 0.0 0.0 0.0 0.0 0.0 0.0 0.1666669168665764 0.0 0.0            
  0.4687499577787336 0.4687499577787336 0.4687499577787336 0.4687499577787336 0.4687499577787336 0.4687499577787336 0.4687499577787336 0.47916665415667115 0.48958334271581583 0.4687499577787336            
  0.5 0.5 0.5 0.5 0.5 0.5 0.5 0.5 0.5 0.5            
  0.5 0.5 0.5 0.5 0.5 0.5 0.5 0.5 0.5 0.5            
  0.3750002814751097 0.3750002814751097 0.3750002814751097 0.3750002814751097 0.3750002814751097 0.3750002814751097 0.3750002814751097 0.4166669168665764 0.4583335209829839 0.3750002814751097            
  0.5 0.5 0.5 0.5 0.5 0.5 0.5 0.5 0.5 0.5            
  0.5 0.5 0.5 0.5 0.5 0.5 0.5 0.5 0.5 0.5            
  0.24999943704978056 0.24999943704978056 0.24999943704978056 0.24999943704978056 0.24999943704978056 0.24999943704978056 0.24999943704978056 0.3333330831334236 0.4166666666666667 0.24999943704978056            
  0.24999943704978056 0.24999943704978056 0.24999943704978056 0.24999943704978056 0.24999943704978056 0.24999943704978056 0.24999943704978056 0.3333330831334236 0.4166666666666667 0.24999943704978056            
  0.7500005629502194 0.7500005629502194 0.7500005629502194 0.7500005629502194 0.7500005629502194 0.7500005629502194 0.7500005629502194 1.0 0.7499996247006988 0.7500005629502194            
  0.5 0.5 0.5 0.5 0.5 0.5 0.5 0.5 0.5 0.5            
  0.3750002814751097 0.3750002814751097 0.3750002814751097 0.3750002814751097 0.3750002814751097 0.3750002814751097 0.3750002814751097 0.4166669168665764 0.4583335209829839 0.3750002814751097            
  0.7500005629502194 0.7500005629502194 0.7500005629502194 0.7500005629502194 0.7500005629502194 0.7500005629502194 0.7500005629502194 0.6666669168665763 0.5833333333333334 0.7500005629502194            
  0.7500005629502194 0.7500005629502194 0.7500005629502194 0.7500005629502194 0.7500005629502194 0.7500005629502194 0.7500005629502194 0.6666669168665763 0.7499996247006988 0.7500005629502194            
  0.6249997185248902 0.6249997185248902 0.6249997185248902 0.6249997185248902 0.6249997185248902 0.6249997185248902 0.6249997185248902 0.75 0.6249998123503494 0.6249997185248902            
  0.24999943704978056 0.24999943704978056 0.24999943704978056 0.24999943704978056 0.24999943704978056 0.24999943704978056 0.24999943704978056 0.3333330831334236 0.2500003752993012 0.24999943704978056            
  0.5 0.5 0.5 0.5 0.5 0.5 0.5 0.3333330831334236 0.4166666666666667 0.5            
  0.5 0.5 0.5 0.5 0.5 0.5 0.5 0.5 0.5 0.5            
  0.5 0.5 0.5 0.5 0.5 0.5 0.5 0.5 0.5 0.5            
  0.7500005629502194 0.7500005629502194 0.7500005629502194 0.7500005629502194 0.7500005629502194 0.7500005629502194 0.7500005629502194 0.6666669168665763 0.5833333333333334 0.7500005629502194            
  0.7500005629502194 0.7500005629502194 0.7500005629502194 0.7500005629502194 0.7500005629502194 0.7500005629502194 0.7500005629502194 0.6666669168665763 0.5833333333333334 0.7500005629502194            
  0.5 0.5 0.5 0.5 0.5 0.5 0.5 0.5 0.5 0.5            
  0.24999943704978056 0.24999943704978056 0.24999943704978056 0.24999943704978056 0.24999943704978056 0.24999943704978056 0.24999943704978056 0.3333330831334236 0.2500003752993012 0.24999943704978056            
  0.5625000844425329 0.5625000844425329 0.5625000844425329 0.5625000844425329 0.5625000844425329 0.5625000844425329 0.5625000844425329 0.6249996247001354 0.562499718525524 0.5625000844425329            
  0.24999943704978056 0.24999943704978056 0.24999943704978056 0.24999943704978056 0.24999943704978056 0.24999943704978056 0.24999943704978056 0.3333330831334236 0.4166666666666667 0.24999943704978056            
  0.5 0.5 0.5 0.5 0.5 0.5 0.5 0.5 0.5 0.5            
  0.7500005629502194 0.7500005629502194 0.7500005629502194 0.7500005629502194 0.7500005629502194 0.7500005629502194 0.7500005629502194 0.6666669168665763 0.7499996247006988 0.7500005629502194            
  0.5 0.5 0.5 0.5 0.5 0.5 0.5 0.5 0.5 0.5            
  0.5 0.5 0.5 0.5 0.5 0.5 0.5 0.5 0.5 0.5            
  0.6249997185248902 0.6249997185248902 0.6249997185248902 0.6249997185248902 0.6249997185248902 0.6249997185248902 0.6249997185248902 0.5833330831334237 0.6249998123503494 0.6249997185248902            
  0.24999943704978056 0.24999943704978056 0.24999943704978056 0.24999943704978056 0.24999943704978056 0.24999943704978056 0.24999943704978056 0.0 0.2500003752993012 0.24999943704978056            
  1.0 1.0 1.0 1.0 1.0 1.0 1.0 0.8333330831334237 0.6666662913673655 1.0            
  0.5 0.5 0.5 0.5 0.5 0.5 0.5 0.5 0.5 0.5            
  0.5 0.5 0.5 0.5 0.5 0.5 0.5 0.6666669168665763 0.5833333333333334 0.5            
  0.5 0.5 0.5 0.5 0.5 0.5 0.5 0.5 0.5 0.5            
  0.5 0.5 0.5 0.5 0.5 0.5 0.5 0.5 0.5 0.5            
  0.5 0.5 0.5 0.5 0.5 0.5 0.5 0.5 0.5 0.5            
  0.5 0.5 0.5 0.5 0.5 0.5 0.5 0.5 0.5 0.5            
  0.5 0.5 0.5 0.5 0.5 0.5 0.5 0.5 0.5 0.5            
  0.5 0.5 0.5 0.5 0.5 0.5 0.5 0.5 0.5 0.5            
  0.5 0.5 0.5 0.5 0.5 0.5 0.5 0.3333330831334236 0.4166666666666667 0.5            
  0.5 0.5 0.5 0.5 0.5 0.5 0.5 0.5 0.5 0.5            
  0.5 0.5 0.5 0.5 0.5 0.5 0.5 0.5 0.5 0.5            
  0.5 0.5 0.5 0.5 0.5 0.5 0.5 0.5 0.5 0.5            
  0.24999943704978056 0.24999943704978056 0.24999943704978056 0.24999943704978056 0.24999943704978056 0.24999943704978056 0.24999943704978056 0.3333330831334236 0.2500003752993012 0.24999943704978056            
  0.5 0.5 0.5 0.5 0.5 0.5 0.5 0.5 0.5 0.5            
  0.6249997185248902 0.6249997185248902 0.6249997185248902 0.6249997185248902 0.6249997185248902 0.6249997185248902 0.6249997185248902 0.5833330831334237 0.5416664790170161 0.6249997185248902            
  0.24999943704978056 0.24999943704978056 0.24999943704978056 0.24999943704978056 0.24999943704978056 0.24999943704978056 0.24999943704978056 0.3333330831334236 0.4166666666666667 0.24999943704978056            
  0.24999943704978056 0.24999943704978056 0.24999943704978056 0.24999943704978056 0.24999943704978056 0.24999943704978056 0.24999943704978056 0.3333330831334236 0.2500003752993012 0.24999943704978056            
  0.24999943704978056 0.24999943704978056 0.24999943704978056 0.24999943704978056 0.24999943704978056 0.24999943704978056 0.24999943704978056 0.3333330831334236 0.4166666666666667 0.24999943704978056            
  0.6249997185248902 0.6249997185248902 0.6249997185248902 0.6249997185248902 0.6249997185248902 0.6249997185248902 0.6249997185248902 0.5833330831334237 0.5416664790170161 0.6249997185248902            
  0.7500005629502194 0.7500005629502194 0.7500005629502194 0.7500005629502194 0.7500005629502194 0.7500005629502194 0.7500005629502194 0.6666669168665763 0.7499996247006988 0.7500005629502194            
  0.24999943704978056 0.24999943704978056 0.24999943704978056 0.24999943704978056 0.24999943704978056 0.24999943704978056 0.24999943704978056 0.3333330831334236 0.4166666666666667 0.24999943704978056            
  0.5 0.5 0.5 0.5 0.5 0.5 0.5 0.5 0.5 0.5            
  0.7500005629502194 0.7500005629502194 0.7500005629502194 0.7500005629502194 0.7500005629502194 0.7500005629502194 0.7500005629502194 0.6666669168665763 0.5833333333333334 0.7500005629502194            
  0.7500005629502194 0.7500005629502194 0.7500005629502194 0.7500005629502194 0.7500005629502194 0.7500005629502194 0.7500005629502194 0.6666669168665763 0.5833333333333334 0.7500005629502194            
  0.7500005629502194 0.7500005629502194 0.7500005629502194 0.7500005629502194 0.7500005629502194 0.7500005629502194 0.7500005629502194 0.6666669168665763 0.5833333333333334 0.7500005629502194            
  0.24999943704978056 0.24999943704978056 0.24999943704978056 0.24999943704978056 0.24999943704978056 0.24999943704978056 0.24999943704978056 0.3333330831334236 0.4166666666666667 0.24999943704978056            
  0.5 0.5 0.5 0.5 0.5 0.5 0.5 0.5 0.5 0.5            
