  0.4687499577787336 0.4687499577787336 0.4687499577787336 0.4687499577787336 0.4687499577787336 0.4687499577787336 0.4687499577787336 0.31944411640489107 0.48958334271581583 0.4687499577787336            
  0.6249997185248902 0.6249997185248902 0.6249997185248902 0.6249997185248902 0.6249997185248902 0.6249997185248902 0.6249997185248902 0.38888833288964597 0.5416664790170161 0.6249997185248902            
  0.5 0.5 0.5 0.5 0.5 0.5 0.5 0.3333329997337876 0.5 0.5            
  0.5 0.5 0.5 0.5 0.5 0.5 0.5 0.3333329997337876 0.5 0.5            
  0.3750002814751097 0.3750002814751097 0.3750002814751097 0.3750002814751097 0.3750002814751097 0.3750002814751097 0.3750002814751097 0.2777776665779292 0.4583335209829839 0.3750002814751097            
  0.7500005629502194 0.7500005629502194 0.7500005629502194 0.7500005629502194 0.7500005629502194 0.7500005629502194 0.7500005629502194 0.444444166444823 0.7499996247006988 0.7500005629502194            
  0.6249997185248902 0.6249997185248902 0.6249997185248902 0.6249997185248902 0.6249997185248902 0.6249997185248902 0.6249997185248902 0.38888833288964597 0.5416664790170161 0.6249997185248902            
  0.24999943704978056 0.24999943704978056 0.24999943704978056 0.24999943704978056 0.24999943704978056 0.24999943704978056 0.24999943704978056 0.22222183302275217 0.2500003752993012 0.24999943704978056            
  0.5 0.5 0.5 0.5 0.5 0.5 0.5 0.3333329997337876 0.5 0.5            
  0.5 0.5 0.5 0.5 0.5 0.5 0.5 0.3333329997337876 0.5 0.5            
  0.24999943704978056 0.24999943704978056 0.24999943704978056 0.24999943704978056 0.24999943704978056 0.24999943704978056 0.24999943704978056 0.22222183302275217 0.4166666666666667 0.24999943704978056            
  0.7500005629502194 0.7500005629502194 0.7500005629502194 0.7500005629502194 0.7500005629502194 0.7500005629502194 0.7500005629502194 0.444444166444823 0.5833333333333334 0.7500005629502194            
  0.5 0.5 0.5 0.5 0.5 0.5 0.5 0.3333329997337876 0.5 0.5            
  0.3750002814751097 0.3750002814751097 0.3750002814751097 0.3750002814751097 0.3750002814751097 0.3750002814751097 0.3750002814751097 0.2777776665779292 0.4583335209829839 0.3750002814751097            
  0.7500005629502194 0.7500005629502194 0.7500005629502194 0.7500005629502194 0.7500005629502194 0.7500005629502194 0.7500005629502194 0.444444166444823 0.7499996247006988 0.7500005629502194            
  0.24999943704978056 0.24999943704978056 0.24999943704978056 0.24999943704978056 0.24999943704978056 0.24999943704978056 0.24999943704978056 0.22222183302275217 0.2500003752993012 0.24999943704978056            
  0.5 0.5 0.5 0.5 0.5 0.5 0.5 0.3333329997337876 0.5 0.5            
  0.5 0.5 0.5 0.5 0.5 0.5 0.5 0.11111116671103541 0.3333337086326345 0.5            
  0.5 0.5 0.5 0.5 0.5 0.5 0.5 0.3333329997337876 0.5 0.5            
  0.5625000844425329 0.5625000844425329 0.5625000844425329 0.5625000844425329 0.5625000844425329 0.5625000844425329 0.5625000844425329 0.3611107663915805 0.5208333145683683 0.5625000844425329            
  0.7500005629502194 0.7500005629502194 0.7500005629502194 0.7500005629502194 0.7500005629502194 0.7500005629502194 0.7500005629502194 0.444444166444823 0.5833333333333334 0.7500005629502194            
  0.5 0.5 0.5 0.5 0.5 0.5 0.5 0.3333329997337876 0.5 0.5            
  0.7500005629502194 0.7500005629502194 0.7500005629502194 0.7500005629502194 0.7500005629502194 0.7500005629502194 0.7500005629502194 0.444444166444823 0.5833333333333334 0.7500005629502194            
  0.5 0.5 0.5 0.5 0.5 0.5 0.5 0.3333329997337876 0.5 0.5            
  0.24999943704978056 0.24999943704978056 0.24999943704978056 0.24999943704978056 0.24999943704978056 0.24999943704978056 0.24999943704978056 0.22222183302275217 0.4166666666666667 0.24999943704978056            
  0.3750002814751097 0.3750002814751097 0.3750002814751097 0.3750002814751097 0.3750002814751097 0.3750002814751097 0.3750002814751097 0.2777776665779292 0.4583335209829839 0.3750002814751097            
  0.7500005629502194 0.7500005629502194 0.7500005629502194 0.7500005629502194 0.7500005629502194 0.7500005629502194 0.7500005629502194 0.444444166444823 0.5833333333333334 0.7500005629502194            
  0.5 0.5 0.5 0.5 0.5 0.5 0.5 0.444444166444823 0.5833333333333334 0.5            
  0.5 0.5 0.5 0.5 0.5 0.5 0.5 0.22222183302275217 0.4166666666666667 0.5            
  0.24999943704978056 0.24999943704978056 0.24999943704978056 0.24999943704978056 0.24999943704978056 0.24999943704978056 0.24999943704978056 0.0 0.2500003752993012 0.24999943704978056            
  0.7500005629502194 0.7500005629502194 0.7500005629502194 0.7500005629502194 0.7500005629502194 0.7500005629502194 0.7500005629502194 0.444444166444823 0.5833333333333334 0.7500005629502194            
  0.24999943704978056 0.24999943704978056 0.24999943704978056 0.24999943704978056 0.24999943704978056 0.24999943704978056 0.24999943704978056 0.0 0.2500003752993012 0.24999943704978056            
  0.5 0.5 0.5 0.5 0.5 0.5 0.5 0.3333329997337876 0.5 0.5            
  0.5 0.5 0.5 0.5 0.5 0.5 0.5 0.3333329997337876 0.5 0.5            
  0.5 0.5 0.5 0.5 0.5 0.5 0.5 0.3333329997337876 0.5 0.5            
  0.24999943704978056 0.24999943704978056 0.24999943704978056 0.24999943704978056 0.24999943704978056 0.24999943704978056 0.24999943704978056 0.22222183302275217 0.2500003752993012 0.24999943704978056            
  0.5 0.5 0.5 0.5 0.5 0.5 0.5 0.2777776665779292 0.4583335209829839 0.5            
  0.3750002814751097 0.3750002814751097 0.3750002814751097 0.3750002814751097 0.3750002814751097 0.3750002814751097 0.3750002814751097 0.2777776665779292 0.4583335209829839 0.3750002814751097            
  0.5 0.5 0.5 0.5 0.5 0.5 0.5 0.444444166444823 0.5833333333333334 0.5            
  0.5 0.5 0.5 0.5 0.5 0.5 0.5 0.3333329997337876 0.5 0.5            
  0.5 0.5 0.5 0.5 0.5 0.5 0.5 0.3333329997337876 0.5 0.5            
  0.5 0.5 0.5 0.5 0.5 0.5 0.5 0.3333329997337876 0.5 0.5            
  0.6249997185248902 0.6249997185248902 0.6249997185248902 0.6249997185248902 0.6249997185248902 0.6249997185248902 0.6249997185248902 0.38888833288964597 0.6249998123503494 0.6249997185248902            
  0.5 0.5 0.5 0.5 0.5 0.5 0.5 0.3333329997337876 0.5 0.5            
  0.5 0.5 0.5 0.5 0.5 0.5 0.5 0.3333329997337876 0.5 0.5            
  0.4687499577787336 0.4687499577787336 0.4687499577787336 0.4687499577787336 0.4687499577787336 0.4687499577787336 0.4687499577787336 0.31944411640489107 0.48958334271581583 0.4687499577787336            
  0.5 0.5 0.5 0.5 0.5 0.5 0.5 0.3333329997337876 0.5 0.5            
  0.5 0.5 0.5 0.5 0.5 0.5 0.5 0.38888833288964597 0.5416664790170161 0.5            
  0.3750002814751097 0.3750002814751097 0.3750002814751097 0.3750002814751097 0.3750002814751097 0.3750002814751097 0.3750002814751097 0.2777776665779292 0.4583335209829839 0.3750002814751097            
  0.6249997185248902 0.6249997185248902 0.6249997185248902 0.6249997185248902 0.6249997185248902 0.6249997185248902 0.6249997185248902 0.49999949960068135 0.6249998123503494 0.6249997185248902            
  0.5 0.5 0.5 0.5 0.5 0.5 0.5 0.3333329997337876 0.5 0.5            
  0.5 0.5 0.5 0.5 0.5 0.5 0.5 0.3333329997337876 0.5 0.5            
  0.5 0.5 0.5 0.5 0.5 0.5 0.5 0.3333329997337876 0.5 0.5            
  0.4374999155574671 0.4374999155574671 0.4374999155574671 0.4374999155574671 0.4374999155574671 0.4374999155574671 0.4374999155574671 0.30555523307599464 0.47916668543163166 0.4374999155574671            
  0.24999943704978056 0.24999943704978056 0.24999943704978056 0.24999943704978056 0.24999943704978056 0.24999943704978056 0.24999943704978056 0.22222183302275217 0.4166666666666667 0.24999943704978056            
  0.6249997185248902 0.6249997185248902 0.6249997185248902 0.6249997185248902 0.6249997185248902 0.6249997185248902 0.6249997185248902 0.38888833288964597 0.5416664790170161 0.6249997185248902            
  0.5625000844425329 0.5625000844425329 0.5625000844425329 0.5625000844425329 0.5625000844425329 0.5625000844425329 0.5625000844425329 0.3611107663915805 0.5208333145683683 0.5625000844425329            
  0.5 0.5 0.5 0.5 0.5 0.5 0.5 0.3333329997337876 0.5 0.5            
  0.5625000844425329 0.5625000844425329 0.5625000844425329 0.5625000844425329 0.5625000844425329 0.5625000844425329 0.5625000844425329 0.3611107663915805 0.5208333145683683 0.5625000844425329            
  0.5 0.5 0.5 0.5 0.5 0.5 0.5 0.3333329997337876 0.5 0.5            
  0.3750002814751097 0.3750002814751097 0.3750002814751097 0.3750002814751097 0.3750002814751097 0.3750002814751097 0.3750002814751097 0.2777776665779292 0.3750001876496506 0.3750002814751097            
  0.3750002814751097 0.3750002814751097 0.3750002814751097 0.3750002814751097 0.3750002814751097 0.3750002814751097 0.3750002814751097 0.2777776665779292 0.4583335209829839 0.3750002814751097            
  0.5 0.5 0.5 0.5 0.5 0.5 0.5 0.3333329997337876 0.5 0.5            
  0.5 0.5 0.5 0.5 0.5 0.5 0.5 0.3333329997337876 0.5 0.5            
  0.3750002814751097 0.3750002814751097 0.3750002814751097 0.3750002814751097 0.3750002814751097 0.3750002814751097 0.3750002814751097 0.2777776665779292 0.4583335209829839 0.3750002814751097            
  0.3750002814751097 0.3750002814751097 0.3750002814751097 0.3750002814751097 0.3750002814751097 0.3750002814751097 0.3750002814751097 0.2777776665779292 0.3750001876496506 0.3750002814751097            
  0.6249997185248902 0.6249997185248902 0.6249997185248902 0.6249997185248902 0.6249997185248902 0.6249997185248902 0.6249997185248902 0.38888833288964597 0.5416664790170161 0.6249997185248902            
  0.6249997185248902 0.6249997185248902 0.6249997185248902 0.6249997185248902 0.6249997185248902 0.6249997185248902 0.6249997185248902 0.49999949960068135 0.6249998123503494 0.6249997185248902            
  0.5 0.5 0.5 0.5 0.5 0.5 0.5 0.3333329997337876 0.5 0.5            
  0.5 0.5 0.5 0.5 0.5 0.5 0.5 0.3333329997337876 0.5 0.5            
  0.5 0.5 0.5 0.5 0.5 0.5 0.5 0.3333329997337876 0.5 0.5            
  0.5 0.5 0.5 0.5 0.5 0.5 0.5 0.3333329997337876 0.5 0.5            
  0.5 0.5 0.5 0.5 0.5 0.5 0.5 0.3333329997337876 0.5 0.5            
  0.6249997185248902 0.6249997185248902 0.6249997185248902 0.6249997185248902 0.6249997185248902 0.6249997185248902 0.6249997185248902 0.38888833288964597 0.6249998123503494 0.6249997185248902            
  0.5 0.5 0.5 0.5 0.5 0.5 0.5 0.3333329997337876 0.5 0.5            
  0.7500005629502194 0.7500005629502194 0.7500005629502194 0.7500005629502194 0.7500005629502194 0.7500005629502194 0.7500005629502194 0.6666659994675752 0.7499996247006988 0.7500005629502194            
  0.3750002814751097 0.3750002814751097 0.3750002814751097 0.3750002814751097 0.3750002814751097 0.3750002814751097 0.3750002814751097 0.2777776665779292 0.4583335209829839 0.3750002814751097            
  0.5 0.5 0.5 0.5 0.5 0.5 0.5 0.3333329997337876 0.5 0.5            
  0.24999943704978056 0.24999943704978056 0.24999943704978056 0.24999943704978056 0.24999943704978056 0.24999943704978056 0.24999943704978056 0.22222183302275217 0.2500003752993012 0.24999943704978056            
  0.7500005629502194 0.7500005629502194 0.7500005629502194 0.7500005629502194 0.7500005629502194 0.7500005629502194 0.7500005629502194 0.444444166444823 0.7499996247006988 0.7500005629502194            
  0.7500005629502194 0.7500005629502194 0.7500005629502194 0.7500005629502194 0.7500005629502194 0.7500005629502194 0.7500005629502194 0.444444166444823 0.7499996247006988 0.7500005629502194            
  0.6249997185248902 0.6249997185248902 0.6249997185248902 0.6249997185248902 0.6249997185248902 0.6249997185248902 0.6249997185248902 0.38888833288964597 0.5416664790170161 0.6249997185248902            
  0.24999943704978056 0.24999943704978056 0.24999943704978056 0.24999943704978056 0.24999943704978056 0.24999943704978056 0.24999943704978056 0.22222183302275217 0.4166666666666667 0.24999943704978056            
  0.3750002814751097 0.3750002814751097 0.3750002814751097 0.3750002814751097 0.3750002814751097 0.3750002814751097 0.3750002814751097 0.2777776665779292 0.4583335209829839 0.3750002814751097            
  0.7500005629502194 0.7500005629502194 0.7500005629502194 0.7500005629502194 0.7500005629502194 0.7500005629502194 0.7500005629502194 0.444444166444823 0.5833333333333334 0.7500005629502194            
  0.5 0.5 0.5 0.5 0.5 0.5 0.5 0.3333329997337876 0.5 0.5            
  0.24999943704978056 0.24999943704978056 0.24999943704978056 0.24999943704978056 0.24999943704978056 0.24999943704978056 0.24999943704978056 0.22222183302275217 0.4166666666666667 0.24999943704978056            
  0.5 0.5 0.5 0.5 0.5 0.5 0.5 0.3333329997337876 0.5 0.5            
  0.3750002814751097 0.3750002814751097 0.3750002814751097 0.3750002814751097 0.3750002814751097 0.3750002814751097 0.3750002814751097 0.2777776665779292 0.4583335209829839 0.3750002814751097            
  0.5 0.5 0.5 0.5 0.5 0.5 0.5 0.3333329997337876 0.5 0.5            
  0.5 0.5 0.5 0.5 0.5 0.5 0.5 0.3333329997337876 0.5 0.5            
  0.24999943704978056 0.24999943704978056 0.24999943704978056 0.24999943704978056 0.24999943704978056 0.24999943704978056 0.24999943704978056 0.22222183302275217 0.4166666666666667 0.24999943704978056            
  1.0 1.0 1.0 1.0 1.0 1.0 1.0 0.5555548327565398 0.6666662913673655 1.0            
  0.5625000844425329 0.5625000844425329 0.5625000844425329 0.5625000844425329 0.5625000844425329 0.5625000844425329 0.5625000844425329 0.3611107663915805 0.5208333145683683 0.5625000844425329            
  0.7500005629502194 0.7500005629502194 0.7500005629502194 0.7500005629502194 0.7500005629502194 0.7500005629502194 0.7500005629502194 0.444444166444823 0.5833333333333334 0.7500005629502194            
  0.5 0.5 0.5 0.5 0.5 0.5 0.5 0.3333329997337876 0.5 0.5            
  0.3750002814751097 0.3750002814751097 0.3750002814751097 0.3750002814751097 0.3750002814751097 0.3750002814751097 0.3750002814751097 0.2777776665779292 0.4583335209829839 0.3750002814751097            
  0.6249997185248902 0.6249997185248902 0.6249997185248902 0.6249997185248902 0.6249997185248902 0.6249997185248902 0.6249997185248902 0.38888833288964597 0.5416664790170161 0.6249997185248902            
  0.3750002814751097 0.3750002814751097 0.3750002814751097 0.3750002814751097 0.3750002814751097 0.3750002814751097 0.3750002814751097 0.2777776665779292 0.4583335209829839 0.3750002814751097            
  0.24999943704978056 0.24999943704978056 0.24999943704978056 0.24999943704978056 0.24999943704978056 0.24999943704978056 0.24999943704978056 0.22222183302275217 0.2500003752993012 0.24999943704978056            
  0.5 0.5 0.5 0.5 0.5 0.5 0.5 0.3333329997337876 0.5 0.5            
  0.5 0.5 0.5 0.5 0.5 0.5 0.5 0.3333329997337876 0.5 0.5            
  0.3750002814751097 0.3750002814751097 0.3750002814751097 0.3750002814751097 0.3750002814751097 0.3750002814751097 0.3750002814751097 0.2777776665779292 0.4583335209829839 0.3750002814751097            
  0.5 0.5 0.5 0.5 0.5 0.5 0.5 0.3333329997337876 0.5 0.5            
  0.5 0.5 0.5 0.5 0.5 0.5 0.5 0.3333329997337876 0.5 0.5            
  0.5 0.5 0.5 0.5 0.5 0.5 0.5 0.3333329997337876 0.5 0.5            
  0.7500005629502194 0.7500005629502194 0.7500005629502194 0.7500005629502194 0.7500005629502194 0.7500005629502194 0.7500005629502194 0.444444166444823 0.5833333333333334 0.7500005629502194            
  0.24999943704978056 0.24999943704978056 0.24999943704978056 0.24999943704978056 0.24999943704978056 0.24999943704978056 0.24999943704978056 0.22222183302275217 0.4166666666666667 0.24999943704978056            
  0.7500005629502194 0.7500005629502194 0.7500005629502194 0.7500005629502194 0.7500005629502194 0.7500005629502194 0.7500005629502194 0.444444166444823 0.5833333333333334 0.7500005629502194            
  0.5 0.5 0.5 0.5 0.5 0.5 0.5 0.3333329997337876 0.5 0.5            
  0.24999943704978056 0.24999943704978056 0.24999943704978056 0.24999943704978056 0.24999943704978056 0.24999943704978056 0.24999943704978056 0.22222183302275217 0.2500003752993012 0.24999943704978056            
  0.5 0.5 0.5 0.5 0.5 0.5 0.5 0.3333329997337876 0.5 0.5            
  0.24999943704978056 0.24999943704978056 0.24999943704978056 0.24999943704978056 0.24999943704978056 0.24999943704978056 0.24999943704978056 0.22222183302275217 0.4166666666666667 0.24999943704978056            
  0.3750002814751097 0.3750002814751097 0.3750002814751097 0.3750002814751097 0.3750002814751097 0.3750002814751097 0.3750002814751097 0.1666664998668938 0.3750001876496506 0.3750002814751097            
  0.5 0.5 0.5 0.5 0.5 0.5 0.5 0.3333329997337876 0.5 0.5            
  1.0 1.0 1.0 1.0 1.0 1.0 1.0 1.0 1.0 1.0            
  0.5 0.5 0.5 0.5 0.5 0.5 0.5 0.3333329997337876 0.5 0.5            
  0.5 0.5 0.5 0.5 0.5 0.5 0.5 0.3333329997337876 0.5 0.5            
  1.0 1.0 1.0 1.0 1.0 1.0 1.0 0.5555548327565398 0.6666662913673655 1.0            
  0.6249997185248902 0.6249997185248902 0.6249997185248902 0.6249997185248902 0.6249997185248902 0.6249997185248902 0.6249997185248902 0.38888833288964597 0.5416664790170161 0.6249997185248902            
  0.5 0.5 0.5 0.5 0.5 0.5 0.5 0.3333329997337876 0.5 0.5            
  0.24999943704978056 0.24999943704978056 0.24999943704978056 0.24999943704978056 0.24999943704978056 0.24999943704978056 0.24999943704978056 0.22222183302275217 0.2500003752993012 0.24999943704978056            
  0.5 0.5 0.5 0.5 0.5 0.5 0.5 0.3333329997337876 0.5 0.5            
  0.5 0.5 0.5 0.5 0.5 0.5 0.5 0.3333329997337876 0.5 0.5            
  1.0 1.0 1.0 1.0 1.0 1.0 1.0 0.5555548327565398 0.6666662913673655 1.0            
  0.5 0.5 0.5 0.5 0.5 0.5 0.5 0.5555548327565398 0.6666662913673655 0.5            
  0.7500005629502194 0.7500005629502194 0.7500005629502194 0.7500005629502194 0.7500005629502194 0.7500005629502194 0.7500005629502194 0.444444166444823 0.5833333333333334 0.7500005629502194            
  0.24999943704978056 0.24999943704978056 0.24999943704978056 0.24999943704978056 0.24999943704978056 0.24999943704978056 0.24999943704978056 0.0 0.2500003752993012 0.24999943704978056            
  0.7500005629502194 0.7500005629502194 0.7500005629502194 0.7500005629502194 0.7500005629502194 0.7500005629502194 0.7500005629502194 0.6666659994675752 0.7499996247006988 0.7500005629502194            
  0.7500005629502194 0.7500005629502194 0.7500005629502194 0.7500005629502194 0.7500005629502194 0.7500005629502194 0.7500005629502194 0.6666659994675752 0.7499996247006988 0.7500005629502194            
  0.24999943704978056 0.24999943704978056 0.24999943704978056 0.24999943704978056 0.24999943704978056 0.24999943704978056 0.24999943704978056 0.22222183302275217 0.4166666666666667 0.24999943704978056            
  0.5 0.5 0.5 0.5 0.5 0.5 0.5 0.3333329997337876 0.5 0.5            
  0.5 0.5 0.5 0.5 0.5 0.5 0.5 0.3333329997337876 0.5 0.5            
  0.3750002814751097 0.3750002814751097 0.3750002814751097 0.3750002814751097 0.3750002814751097 0.3750002814751097 0.3750002814751097 0.2777776665779292 0.4583335209829839 0.3750002814751097            
  0.6249997185248902 0.6249997185248902 0.6249997185248902 0.6249997185248902 0.6249997185248902 0.6249997185248902 0.6249997185248902 0.49999949960068135 0.6249998123503494 0.6249997185248902            
  0.5 0.5 0.5 0.5 0.5 0.5 0.5 0.3333329997337876 0.5 0.5            
  0.5 0.5 0.5 0.5 0.5 0.5 0.5 0.3333329997337876 0.5 0.5            
  0.24999943704978056 0.24999943704978056 0.24999943704978056 0.24999943704978056 0.24999943704978056 0.24999943704978056 0.24999943704978056 0.0 0.2500003752993012 0.24999943704978056            
  0.24999943704978056 0.24999943704978056 0.24999943704978056 0.24999943704978056 0.24999943704978056 0.24999943704978056 0.24999943704978056 0.22222183302275217 0.4166666666666667 0.24999943704978056            
  0.5 0.5 0.5 0.5 0.5 0.5 0.5 0.3333329997337876 0.5 0.5            
  0.5 0.5 0.5 0.5 0.5 0.5 0.5 0.3333329997337876 0.5 0.5            
  0.7500005629502194 0.7500005629502194 0.7500005629502194 0.7500005629502194 0.7500005629502194 0.7500005629502194 0.7500005629502194 0.444444166444823 0.5833333333333334 0.7500005629502194            
  0.24999943704978056 0.24999943704978056 0.24999943704978056 0.24999943704978056 0.24999943704978056 0.24999943704978056 0.24999943704978056 0.22222183302275217 0.2500003752993012 0.24999943704978056            
  0.5 0.5 0.5 0.5 0.5 0.5 0.5 0.3333329997337876 0.5 0.5            
  0.4374999155574671 0.4374999155574671 0.4374999155574671 0.4374999155574671 0.4374999155574671 0.4374999155574671 0.4374999155574671 0.30555523307599464 0.47916668543163166 0.4374999155574671            
  0.24999943704978056 0.24999943704978056 0.24999943704978056 0.24999943704978056 0.24999943704978056 0.24999943704978056 0.24999943704978056 0.22222183302275217 0.4166666666666667 0.24999943704978056            
  0.5 0.5 0.5 0.5 0.5 0.5 0.5 0.3333329997337876 0.5 0.5            
  0.4687499577787336 0.4687499577787336 0.4687499577787336 0.4687499577787336 0.4687499577787336 0.4687499577787336 0.4687499577787336 0.31944411640489107 0.48958334271581583 0.4687499577787336            
  0.0 0.0 0.0 0.0 0.0 0.0 0.0 0.11111116671103541 0.3333337086326345 0.0            
  0.5 0.5 0.5 0.5 0.5 0.5 0.5 0.3333329997337876 0.5 0.5            
  0.5 0.5 0.5 0.5 0.5 0.5 0.5 0.3333329997337876 0.5 0.5            
  0.48437497888936676 0.48437497888936676 0.48437497888936676 0.48437497888936676 0.48437497888936676 0.48437497888936676 0.48437497888936676 0.32638855806933936 0.4947916713579079 0.48437497888936676            
  0.24999943704978056 0.24999943704978056 0.24999943704978056 0.24999943704978056 0.24999943704978056 0.24999943704978056 0.24999943704978056 0.22222183302275217 0.4166666666666667 0.24999943704978056            
  0.6249997185248902 0.6249997185248902 0.6249997185248902 0.6249997185248902 0.6249997185248902 0.6249997185248902 0.6249997185248902 0.38888833288964597 0.5416664790170161 0.6249997185248902            
  0.3750002814751097 0.3750002814751097 0.3750002814751097 0.3750002814751097 0.3750002814751097 0.3750002814751097 0.3750002814751097 0.1666664998668938 0.3750001876496506 0.3750002814751097            
  0.5 0.5 0.5 0.5 0.5 0.5 0.5 0.3333329997337876 0.5 0.5            
  0.7500005629502194 0.7500005629502194 0.7500005629502194 0.7500005629502194 0.7500005629502194 0.7500005629502194 0.7500005629502194 0.444444166444823 0.5833333333333334 0.7500005629502194            
  0.24999943704978056 0.24999943704978056 0.24999943704978056 0.24999943704978056 0.24999943704978056 0.24999943704978056 0.24999943704978056 0.22222183302275217 0.4166666666666667 0.24999943704978056            
  0.24999943704978056 0.24999943704978056 0.24999943704978056 0.24999943704978056 0.24999943704978056 0.24999943704978056 0.24999943704978056 0.22222183302275217 0.4166666666666667 0.24999943704978056            
  0.24999943704978056 0.24999943704978056 0.24999943704978056 0.24999943704978056 0.24999943704978056 0.24999943704978056 0.24999943704978056 0.22222183302275217 0.2500003752993012 0.24999943704978056            
  0.3750002814751097 0.3750002814751097 0.3750002814751097 0.3750002814751097 0.3750002814751097 0.3750002814751097 0.3750002814751097 0.2777776665779292 0.4583335209829839 0.3750002814751097            
  0.5 0.5 0.5 0.5 0.5 0.5 0.5 0.3333329997337876 0.5 0.5            
  0.5 0.5 0.5 0.5 0.5 0.5 0.5 0.3333329997337876 0.5 0.5            
  0.24999943704978056 0.24999943704978056 0.24999943704978056 0.24999943704978056 0.24999943704978056 0.24999943704978056 0.24999943704978056 0.22222183302275217 0.4166666666666667 0.24999943704978056            
  0.5 0.5 0.5 0.5 0.5 0.5 0.5 0.3333329997337876 0.5 0.5            
  0.7500005629502194 0.7500005629502194 0.7500005629502194 0.7500005629502194 0.7500005629502194 0.7500005629502194 0.7500005629502194 0.444444166444823 0.5833333333333334 0.7500005629502194            
  0.5 0.5 0.5 0.5 0.5 0.5 0.5 0.3333329997337876 0.5 0.5            
  1.0 1.0 1.0 1.0 1.0 1.0 1.0 0.5555548327565398 0.6666662913673655 1.0            
  0.0 0.0 0.0 0.0 0.0 0.0 0.0 0.11111116671103541 0.3333337086326345 0.0            
  0.7500005629502194 0.7500005629502194 0.7500005629502194 0.7500005629502194 0.7500005629502194 0.7500005629502194 0.7500005629502194 0.444444166444823 0.5833333333333334 0.7500005629502194            
  0.6249997185248902 0.6249997185248902 0.6249997185248902 0.6249997185248902 0.6249997185248902 0.6249997185248902 0.6249997185248902 0.38888833288964597 0.5416664790170161 0.6249997185248902            
  0.5 0.5 0.5 0.5 0.5 0.5 0.5 0.3333329997337876 0.5 0.5            
  0.5 0.5 0.5 0.5 0.5 0.5 0.5 0.3333329997337876 0.5 0.5            
  0.5 0.5 0.5 0.5 0.5 0.5 0.5 0.3333329997337876 0.5 0.5            
  0.4374999155574671 0.4374999155574671 0.4374999155574671 0.4374999155574671 0.4374999155574671 0.4374999155574671 0.4374999155574671 0.30555523307599464 0.47916668543163166 0.4374999155574671            
  0.7500005629502194 0.7500005629502194 0.7500005629502194 0.7500005629502194 0.7500005629502194 0.7500005629502194 0.7500005629502194 0.6666659994675752 0.7499996247006988 0.7500005629502194            
  0.7500005629502194 0.7500005629502194 0.7500005629502194 0.7500005629502194 0.7500005629502194 0.7500005629502194 0.7500005629502194 0.444444166444823 0.5833333333333334 0.7500005629502194            
  0.7500005629502194 0.7500005629502194 0.7500005629502194 0.7500005629502194 0.7500005629502194 0.7500005629502194 0.7500005629502194 0.444444166444823 0.5833333333333334 0.7500005629502194            
  0.6249997185248902 0.6249997185248902 0.6249997185248902 0.6249997185248902 0.6249997185248902 0.6249997185248902 0.6249997185248902 0.38888833288964597 0.5416664790170161 0.6249997185248902            
  0.7500005629502194 0.7500005629502194 0.7500005629502194 0.7500005629502194 0.7500005629502194 0.7500005629502194 0.7500005629502194 0.444444166444823 0.5833333333333334 0.7500005629502194            
  0.0 0.0 0.0 0.0 0.0 0.0 0.0 0.11111116671103541 0.0 0.0            
  0.5625000844425329 0.5625000844425329 0.5625000844425329 0.5625000844425329 0.5625000844425329 0.5625000844425329 0.5625000844425329 0.3611107663915805 0.5208333145683683 0.5625000844425329            
  0.24999943704978056 0.24999943704978056 0.24999943704978056 0.24999943704978056 0.24999943704978056 0.24999943704978056 0.24999943704978056 0.22222183302275217 0.2500003752993012 0.24999943704978056            
  0.5 0.5 0.5 0.5 0.5 0.5 0.5 0.3333329997337876 0.5 0.5            
  0.5 0.5 0.5 0.5 0.5 0.5 0.5 0.3333329997337876 0.5 0.5            
  0.7500005629502194 0.7500005629502194 0.7500005629502194 0.7500005629502194 0.7500005629502194 0.7500005629502194 0.7500005629502194 0.444444166444823 0.5833333333333334 0.7500005629502194            
  0.5 0.5 0.5 0.5 0.5 0.5 0.5 0.3333329997337876 0.5 0.5            
  0.5 0.5 0.5 0.5 0.5 0.5 0.5 0.3333329997337876 0.5 0.5            
  0.6249997185248902 0.6249997185248902 0.6249997185248902 0.6249997185248902 0.6249997185248902 0.6249997185248902 0.6249997185248902 0.38888833288964597 0.6249998123503494 0.6249997185248902            
  0.5 0.5 0.5 0.5 0.5 0.5 0.5 0.3333329997337876 0.5 0.5            
  0.5 0.5 0.5 0.5 0.5 0.5 0.5 0.11111116671103541 0.3333337086326345 0.5            
  0.7500005629502194 0.7500005629502194 0.7500005629502194 0.7500005629502194 0.7500005629502194 0.7500005629502194 0.7500005629502194 0.444444166444823 0.5833333333333334 0.7500005629502194            
  0.5 0.5 0.5 0.5 0.5 0.5 0.5 0.3333329997337876 0.5 0.5            
  0.24999943704978056 0.24999943704978056 0.24999943704978056 0.24999943704978056 0.24999943704978056 0.24999943704978056 0.24999943704978056 0.22222183302275217 0.4166666666666667 0.24999943704978056            
  0.24999943704978056 0.24999943704978056 0.24999943704978056 0.24999943704978056 0.24999943704978056 0.24999943704978056 0.24999943704978056 0.22222183302275217 0.4166666666666667 0.24999943704978056            
  0.7500005629502194 0.7500005629502194 0.7500005629502194 0.7500005629502194 0.7500005629502194 0.7500005629502194 0.7500005629502194 0.6666659994675752 0.7499996247006988 0.7500005629502194            
  0.5 0.5 0.5 0.5 0.5 0.5 0.5 0.3333329997337876 0.5 0.5            
  0.24999943704978056 0.24999943704978056 0.24999943704978056 0.24999943704978056 0.24999943704978056 0.24999943704978056 0.24999943704978056 0.22222183302275217 0.4166666666666667 0.24999943704978056            
  0.24999943704978056 0.24999943704978056 0.24999943704978056 0.24999943704978056 0.24999943704978056 0.24999943704978056 0.24999943704978056 0.22222183302275217 0.4166666666666667 0.24999943704978056            
  0.7500005629502194 0.7500005629502194 0.7500005629502194 0.7500005629502194 0.7500005629502194 0.7500005629502194 0.7500005629502194 0.444444166444823 0.5833333333333334 0.7500005629502194            
  0.5 0.5 0.5 0.5 0.5 0.5 0.5 0.3333329997337876 0.5 0.5            
  0.5 0.5 0.5 0.5 0.5 0.5 0.5 0.3333329997337876 0.5 0.5            
  0.5 0.5 0.5 0.5 0.5 0.5 0.5 0.3333329997337876 0.5 0.5            
  0.7500005629502194 0.7500005629502194 0.7500005629502194 0.7500005629502194 0.7500005629502194 0.7500005629502194 0.7500005629502194 0.444444166444823 0.5833333333333334 0.7500005629502194            
  0.5 0.5 0.5 0.5 0.5 0.5 0.5 0.3333329997337876 0.5 0.5            
  0.7500005629502194 0.7500005629502194 0.7500005629502194 0.7500005629502194 0.7500005629502194 0.7500005629502194 0.7500005629502194 0.444444166444823 0.7499996247006988 0.7500005629502194            
  0.5 0.5 0.5 0.5 0.5 0.5 0.5 0.3333329997337876 0.5 0.5            
  0.5 0.5 0.5 0.5 0.5 0.5 0.5 0.3333329997337876 0.5 0.5            
  0.6249997185248902 0.6249997185248902 0.6249997185248902 0.6249997185248902 0.6249997185248902 0.6249997185248902 0.6249997185248902 0.38888833288964597 0.5416664790170161 0.6249997185248902            
  0.5 0.5 0.5 0.5 0.5 0.5 0.5 0.3333329997337876 0.5 0.5            
